2 5 7
2 4 6
1 3 6
1 4 7
1 4 7
2 4 7
3 5 7
4 6
octava
2 4 6 10
2 4 6 10
2 4 6 10
3 6 10
2 6 10
2 4 6 8 10
2 4 6 10
3 6 10
2 4 6 9 10
2 6 8 10
1 2 6 10
4 6 8 10
4 6 8 10
2 6 10
sonnet
4
1 4 6 8 10
3 5
4 6
3 6 10

2 6
4 6 10
2 6
2 6
2 4 6 10
lira
1 2 6
2 5 6 8 10
2 4 6
2 6
2 4 8 10
lira
2 6
4 6 10
6
2 4 6
4 6 10
lira
2 4 6
1 6 8 10
2 4 6
2 4 6
4 8 10
lira
2 5 6
4 6 10
3 6
1 6
4 6 10
lira
1 4 6
4 6 8 10
2 4 6
2 6
3 6 10
lira
2 6
2 6 8 10
2 6
3 6
3 6 8 10
lira
2 4 6
1 3 6 10
4 6
1 6
2 6 10
lira
2 4 6
3 6 10
1 4 6
3 6
1 4 6 10
lira
2 4 6
1 4 6 10
1 2 4 6
2 6
2 4 6 10
lira
2 4 6
1 4 8 10
4 6
1 3 6
1 5 6 10
lira
1 2 4 6
4 8 10
1 2 4 6
2 4 6
2 4 6 8 10
lira
1 6
2 6 10
3 6
4 5 6
2 4 8 10
lira
2 6
2 4 6 10
3 6
2 4 6
4 6 8 10
lira
2 4 6
6 10
4 6
4 6
2 4 8 10
lira
2 3 6
3 6 10
2 6
2 6
1 6 8 10
lira
2 6
4 6 9 10
2 6
1 2 6
2 3 6 10
lira
3 6
2 4 6 8 10
3 6
2 6
1 6 10
lira
5 6
2 4 6 10
1 4 6
1 6
4 8 10
lira
1 2 4 6
2 6 10
2 4 6
1 6
1 6 10
lira
1 4 6
4 6 10
2 6
2 3 6
3 4 6 10
lira
lira
3 5 6 8 10
2 6 10
1 6 7 8 10
2 6 10
2 4 6 8 10
1 3 6 10
2 4 10
2 6 10
2 6 10
1 3 6 8 10
2 6 8 10
2 6 7 10
1 6 10
2 3 6 8 10
sonnet
sonnet
2 4 7
4 7
2 3 5 6
4 7
4 7
quintilla
3 4 5 7
2 7
2 6
4 7
1 5 6 7
quintilla
3 4 6
7
2 4 6 7
2 5 7
2 4 7
quintilla
3 7
1 5 7
2 4 6 7
1 4 7
5 7
7
4 7
1 5 7
copla_castellana
copla_castellana
2 4 6 7 10
2 6 8 10
4 6 10
terceto
6 10
4 5 6 10
4 6 10
terceto
1 6 10
3 6 8 10
2 6 10
terceto
6 10
2 6 10
1 3 6 8 10
terceto
3 4 8 10
4 6 10
2 6 10
terceto
3 4 6 10
2 4 8 10
4 6 8 10
1 4 8 10
1 4 6 8 10
2 6 8 10
romance_arte_mayor
2 4 6 10
2 8 10
3 6 10
terceto
2 6 10
4 6 10
3 6 8 10
terceto
3 4 6 10
2 6 10
4 6 10
terceto
2 4 8 10
2 6 8 10
2 4 6 8 10
terceto
4 6 10
2 4 6 10
1 3 6 9
terceto
2 6 10
3 6 10
2 6 10
terceto
2 4 6 9 10
3 5 9
3 4 6 8 10
terceto
2 3 6 10
1 4 6 10
2 4 6 10
terceto
2 6 10
2 4 6 8 10
4 7 11
1 4 6 8 10
2 4 5 7 9
2 6 8 10
romance_arte_mayor
2 4 9 10
3 6 10
2 6 8 10
2 4 10
2 4 8 10
1 4 6 10
romance_arte_mayor
1 4 8 10
4 6 9 10
4 5 6 10
terceto
2 4 6 7 10
2 4 6 8 10
1 2 4 6 7 10
terceto
3 4 6 8 10
4 6 10
6 8 10
terceto
2 6 10
2 6 9
2 6 10
terceto
2 3 6 9
2 6 8 9
4 6 10
terceto
4 8 10
2 3 10
3 6 8 10
terceto
4 6 10
1 6 8 10
3 6 10
terceto
2 4 6 10
2 6 10
1 3 4 6 10
terceto
2 3 6 10
2 6 10
1 2 4 6 8 10
terceto
1 2 3 6 8 10
4 6 7 8 10
2 3 4 8 10
terceto
2 4 8 10
2 6 10
2 5 9
terceto
1 3 6 8 10
2 4 10
2 6 10
terceto
2 4 8 10
2 6 10
6 10
terceto
1 3 6 10
3 6 10
1 4 6 10
terceto
2 4 6 10
6 10
1 2 6 10
terceto
1 3 6 7 10
2 3 6 10
1 6 8 10
terceto
1 2 6 10
4 6 10
3 6 8 10
terceto
1 4 8 10
2 4 8 10
2 4 6 7 10
terceto
1 4 6 8 10
2 6 10
2 4 8 10
terceto
1 4 6 8 10
4 6 9
1 3 6 10
terceto
2 3 5 9
2 4 6 8 10
1 2 6 10
terceto
1 2 4 6 7 10
4 6 10
3 6 8 10
4 6 10
2 4 8 10
2 4 6 10
romance_arte_mayor
2 6 10
4 6 10
2 4 8 10
terceto
2 3 5 8 9
4 6 7 10
4 8 10
terceto
2 6 8 10
4 6 10
1 3 6 9
terceto
6 8 10
4 6 10
1 6 8 10
terceto
2 6 10
4 6 8 9
4 6 8 10
terceto
2 4 8 10
4 6 8 10
3 6 10
terceto
1 4 6 8 10
4 6 10
4 8 10
terceto
2 4 6 10
3 6 8 10
4 7 9
terceto
2 4 6 10
2 4 6 10
4 6 10
terceto
1 3 6 10
2 6 10
1 5 8 10
terceto
3 6 10
2 4 6 8 10
1 4 6 10
terceto
1 4 5 6 7 11
2 4 6 10
2 6 8 10
terceto
2 3 5 7 9
1 4 7 8 10
4 6 10
terceto
1 2 6 10
2 6 10
2 4 8 10
terceto
1 4 6 10
3 6 10
3 6 9
terceto
2 5 9
2 6 10
1 6 8 10
terceto
2 6 8 10
2 4 7 9
4 6 8 10
terceto
1 4 8 10
3 6 8 10
4 8 10
terceto
1 2 4 10
4 6 10
3 4 6 8 10
terceto
2 4 6 10
2 4 6 10
4 6 10
terceto
3 6 7 10
1 4 6 10
2 4 8 10
terceto
2 4 6 7 10
3 5 9
4 6 8 10
terceto
2 3 4 5 6 10
4 8 10
2 6 10
terceto
3 6 10
4 6 9
1 4 8 10
terceto
1 3 6 9
2 4 8 9
2 6 10
terceto
2 6 10
6 8 10
2 4 8 10
terceto
2 4 6 10
3 6 8 10
4 6 7 10
terceto
4 6 8 10
2 4 6 10
2 6 10
terceto
3 6 10
2 6 10
1 4 8 10
terceto
1 2 4 6 10
1 4 6 10
2 6 10
terceto
1 4 6 10
2 6 10
2 4 6 10
terceto
4 8 10
2 4 6 8 10
4 8 10
terceto
2 4 6 8 10
2 4 6 8 10
3 6 8 10
terceto
2 4 6 10
2 6 8 9
4 6 10
terceto
4 6 8 10
2 4 6 10
4 6 8 10
terceto
2 6 8 10
2 4 6 10
2 6 10
terceto
2 6 10
2 4 8 10
4 6 10
terceto
4 8 10
2 6 10
3 6 8 10
terceto
3 6 7 10
4 6 8 10
3 6 10
terceto
2 4 8 10
4 6 10
2 6 8 10
terceto
2 4 5 6 8 9
2 6 8 10
4 6 8 10
terceto
1 4 8 10
3 6 10
1 4 6 8 10
terceto
1 3 4 6 9
2 6 9 10
4 6 8 10
terceto
1 4 6 10
4 6 8 10
3 6 8 10
terceto
2 6 8 10
3 6 8 10
3 6 10
terceto
4 6 8 10
1 6 10
1 4 8 10
terceto
2 6 10
2 6 8 10
3 6 10
terceto
1 4 8 10
2 4 6 8 10
2 4 7 9
terceto
2 4 8 10
3 6 8 10
2 6 7 9
terceto
2 5 9
3 6 8 10
2 4 6 10
terceto
1 4 6 8 10
6 8 10
3 6 7 10
terceto
1 4 6 10
1 6 8 10
3 6 8 10
1 4 7 8 10
2 6 10
4 8 10
romance_arte_mayor
2 6 10
2 3 6 8 10
2 3 6 7 10
terceto
6 10
2 4 6 9 10
4 6 10
terceto
3 5 8
1 6 10
2 6 8 10
terceto
3 6 8 10
1 3 6 7 10
3 4 8 10
terceto
1 4 6 10
2 4 6 10
1 3 6 10
terceto
2 6 9
1 6 8 10
3 6 10
terceto
4 6 8 10
6 8 10
3 6 7 10
2 6 10
serventesio
2 4 5 6 10
6 8 10
3 4 6 7 10
2 6 10
2 4 10
1 6 8 10
2 4 6 10
3 4 7 10
2 4 5 6 10
2 6 10
3 4 6 10
2 4 6 10
4 6 7 10
2 6 7 8 10
sonnet
sonnet
2 4 6 7
3 7
1 3 6
2 5 6 7
redondilla
2 6 8 10
2 6 10
2 6 10
2 6 8 10
3 6 10
3 6 10
2 5 6 7 10
4 6 10
octava_real
1 2 6 10
2 4 6 8 10
4 6 8 11
1 4 6 8 10
1 3 7 9
4 6 10
3 6 7 9
2 4 6 10
octava
4 8 9 10
2 4 6 8 10
1 4 6 8 10
1 4 6 8 10
4 6 7 10
4 8 10
2 6 8 10
2 6 10
octava_real
4 6 8 10
1 4 8 10
1 4 6 10
2 4 6 10
2 6 8 10
3 4 6 10
2 8 10
1 4 6 8 10
octava_real
2 4 6 8 10
2 4 8 10
3 6 8 10
3 6 8 10
4 8 10
2 4 8 10
2 4 6 8 10
2 6 10
octava_real
2 5 6 10
2 4 8 10
2 6 10
4 6 8 10
4 6 8 10
2 4 6 8 10
2 4 6 10
6 10
octava_real
3 6 8 10
4 6 8 10
3 6 9 10
4 6 7 10
2 4 8 10
2 4 8 10
2 6 10
1 6 8 9 10
octava_real
1 4 8 10
2 4 6 10
1 4 8 10
4 6 10
2 4 6 10
2 3 4 6 10
2 4 6 10
3 6 10
octava_real
2 6 10
1 4 6 10
3 6 10
4 6 10
2 6 8 10
1 3 6 10
3 6 8 10
1 4 8 10
octava_real
2 4 6 8 10
2 4 6 8 10
2 6 10
1 4 8 10
2 4 8 10
2 4 8 10
4 6 10
1 3 6 10
octava_real
2 6 7 9 10
2 4 6 8 10
4 6 10
2 6 8 10
4 8 10
2 4 8 10
3 6 10
2 6 8 10
octava_real
1 3 4 6 8 10
3 4 8 10
3 6 8 10
2 10
2 4 8 10
2 6 10
4 6 8 10
2 6 8 10
octava_real
2 4 6 10
3 6 10
6 10
3 6 8 10
1 4 6 10
4 8 10
3 6 10
4 6 10
octava_real
2 4 6 10
2 6 8 10
3 6 8 10
3 6 10
4 6 10
3 6 10
4 8 10
2 4 6 8 10
octava_real
4 6 7 10
4 6 9 10
4 8 10
3 6 10
1 4 6 10
2 4 6 10
4 8 10
4 6 10
octava_real
2 6 8 10
2 6 8 10
2 6 10
3 4 6 8 10
2 4 8 10
2 4 6 9 10
4 6 8 10
4 6 10
octava_real
2 6 10
2 6 8 10
4 6 10
4 6 10
4 6 10
1 2 4 8 10
2 6 8 10
4 6 10
octava_real
3 6 8 10
3 6 10
2 4 8 10
4 6 10
2 5 6 7 10
3 6 10
3 4 6 10
2 4 8 10
octava_real
2 5 6 10
2 6 8 10
2 4 8 10
4 6 10
2 3 6 10
4 6 10
2 4 8 10
2 6 8 10
octava_real
1 6 8 10
4 6 8 9
2 6 10
2 6 10 11
2 5 9
2 6 10
2 4 5 6 8
2 4 7 9
octava
4 6 10
2 4 6 10
4 8 10
2 4 6 10
3 6 10
2 4 6 10
1 4 6 8 10
2 6 8 10
octava_real
2 4 8 10
2 6 10
1 3 5 7 9
2 6 9
1 2 4 8 10
2 6 10
2 3 5 6 10
4 6 9
octava
2 4 6 8 10
2 4 8 10
2 4 6 8 10
2 4 8 10
4 6 10
2 4 8 10
2 4 8 10
2 6 10
octava_real
2 4 8 10
2 4 6 10
2 6 8 10
2 5 6 10
1 4 6 10
1 4 8 9 10
2 6 8 10
4 6 8 10
octava_real
2 4 6 8 10
4 6 10
4 8 10
1 2 6 8 10
1 4 8 10
4 8 10
4 6 9 10
2 4 6 10
octava_real
2 6 8 10
2 6 10
1 2 4 8 10
2 6 10
2 4 6 10
4 6 8 10
2 6 8 10
2 6 9 10
octava_real
2 4 8 10
2 6 8 10
2 4 6 10
2 6 10
2 6 10
2 4 6 10
3 6 10
4 8 10
octava_real
4 6 10
4 8 10
2 6 10
1 6 10
4 6 10
2 4 8 10
6 10
2 4 6 10
octava_real
1 6 10
2 4 6 10
3 6 9 10
1 4 6 8 10
1 4 8 10
2 6 10
2 4 6 10
2 4 8 10
octava_real
1 4 6 10
4 6 10
2 6 10
4 6 8 10
3 5 6 10
1 2 4 6 10
4 8 10
3 6 8 10
octava_real
2 4 8 10
4 6 10
2 6 8 10
4 6 10
2 4 6 8 10
2 4 6 10
2 6 8 10
4 6 8 10
octava_real
2 4 6 10
1 4 6 10
3 6 10
4 6 10
4 6 8 10
2 4 6 10
3 6 7 8 10
4 6 10
octava_real
4 8 10
1 2 6 10
2 6 10
4 6 10
1 6 10
2 4 6 10
2 6 8 10
3 6 10
octava_real
1 4 6 9
1 4 8 10
6 10
1 4 8 10
2 6 10
2 6 8 10
1 6 8 10
2 4 6 10
octava
2 4 6 10
3 6 8 10
2 4 8 10
2 6 8 10
2 6 8 10
3 6 8 10
4 8 10
3 6 10
octava_real
4 6 8 10
2 4 8 10
2 4 10
1 4 6 10
2 4 6 10
1 6 10
2 6 10
1 3 6 10
octava_real
1 2 4 6 8 9
4 8 10
4 8 10
3 4 6 10
4 6 8 10
3 6 10
2 4 8 9
2 6 8 10
octava
2 4 6 8 10
2 4 6 10
6 10
2 6 10
2 4 6 7 10
3 4 6 10
4 6 8 10
2 4 6 10
octava_real
2

1 7 10
1 4 8 10
1 2 6 8 10
2 6 8 10
2 4 6 10
4 6 10
4 8 10
3 6 10
octava_real
2

2 4 6 8 10
2 4 6 10
3 6 8 10
2 4 8 10
2 4 6 10
4 6 8 10
2 3 4 5 6 10
1 3 6 8 9 10
octava_real
2

2 6 10
4 6 10
4 6 10
2 4 8 10
2 6 10
2 4 6 10
2 4 7 10
2 6 10
octava_real
2

1 4 8 10
4 8 10
4 6 8 10
3 6 10
3 6 7 8 10
4 6 7 10
2 3 4 6 10
4 8 10
octava_real
2

2 4 8 10
2 4 8 10
1 4 6 8 10
3 6 10
3 6 10
3 6 8 10
2 8 10
2 4 6 10
octava_real
2

6 7 10
2 4 6 10
3 6 10
1 4 6 8 10
2 4 8 10
2 4 6 8 10
4 8 10
2 6 10
octava_real
2

2 6 10
1 2 5 7 9
3 5 7 9
2 5 7 9
2 4 7 9 11
3 6 10
2 5 6 7 9
2 6 8 10
octava
2

2 6 10
2 4 8 10
4 6 10
3 6 7 8
6 10
3 6 8 10
2 4 8
4 6 10
1 4 6 7 9
4 5 7 9
2 4 6 10
2 3 4 6 10
1 4 6 8 10
1 4 8 10
4 6 10
4 6 10

2 4 8 10
4 6 10
1 4 6 10
2 6 8 10
1 4 8 10
4 7 10
4 8 10
1 6 8 10
2 6 10
3 6 10
1 3 6 10
1 4 6 10
1 4 6 10
2 6 10
sonnet
sonnet
2 4 6 8 10
4 6 10
6 10
4 8 10
2 6 8 10
2 6 8 10
2 4 10
2 6 8 10
2 6 8 10
3 6 8 10
2 6 7 10
4 6 10
1 3 6 10
1 4 8 9 10
sonnet
sonnet
2 6 8 10
2 6 8 10
2 4 8 10
2 6 10
3 6 10
2 6 7 10
2 3 4 6 10
3 6 8 10
4 6 10
6 10
1 4 6 8 10
2 4 6 8 10
1 3 5 6 8 10
2 4 8 10
sonnet
sonnet
4 6 10
1 4 6 10
2 4 10
1 3 6 8 10
2 4 6 7 10
4 6 10
4 6 8 10
2 4 6 10
2 4 6 10
3 6 8 10
2 3 6 10
2 6 8 10
1 6 10
3 6 10
sonnet
2 4 8 9 10
3 6 8 10
2 6 10
4 6 8 10
2 3 6 10
5 7 9
2 5 6 10
2 6 8 10
2 4 6 10
1 6 8 10
4 6 8 10
3 4 8 10
2 5 6 8 10


2 3 6 7 10
6 8 10
3 6 10
1 6 7 10
2 3 6 10
4 10
2 3 6 10
2 6 8 10
4 6 8 10
1 3 6 10
2 4 6 7 10
1 4 6 10
4 8 10
2 6 10
sonnet
2 3 5
1 4 6
1 4 5 6 10
1 3 6
6
4 5 6 8 10
2 6
2 6
2 6
1 6
3 6 10
3 6
2 4 6 8 10

2 3 5 6
4 6
1 4 6 8 10
1 2 5 6
3 6
3 5 6 10
1 3 4 6
2 6
2 6
2 6
2 4 6 8 10
2 3 4 6
2 4 8 10

2 4 6
2 6
2 6 10
2 4 5
2 4 6
4 6 8 10
3 4 6
4 6
2 3 5
3 6
1 3 5 6 10
1 3 4
1 3 5 6 8 10

1 4 6
2 3 6
1 6 7 9
2 3 5 6
1 3 6
3 6 8 10
2 4 6
2 6
1 4 5 6
2 6
2 4 6 7 10
4 6
2 4 8 9 10

2 4 6
3 6
1 4 6 10
2 5
6
1 3 6 10
3 6
2 6
2 6
4 6
2 4 8 10
2 6
4 6 10

4 6
2 3 6
2 4 6 10
1 3 6
2 6
2 6 7 10
1 2 4 6
2 6 8 9 10

4 8 10
2 4 8 10
1 4 7 10
3 4 6 8 10
6 8 10
2 4 5 6 8 10
1 4 6 7 8 10
1 4 6 10
1 4 8 10
4 6 10
1 4 8 10
6 7 10
2 5 6 10
2 4 6 10
sonnet
2 4 6 10
1 4 6 10
2 6 10
2 8 10
1 6 8 10
3 6 8 10
1 3 6 10
2 5 6 8 10
2 6 10
3 6 10
2 6 10
2 4 6 10
3 6 10
2 6 8 10
sonnet
1 3 5 7 10
1 2 4 10
4 6 10
3 4 6 10
2 4 6 8 10
2 6 10
2 6 8 10
3 6 8 10
2 4 7 8 10
2 6 9 10
4 6 8 10
3 6 8 10
3 6 8 10
2 4 6 8 10
sonnet
sonnet
2 4 6 10
4 6 10
2 4 6 8 9 10
2 6 8 10
2 4 6 10
4 6 8 10
4 6 10
1 2 6 10
2 3 6 7 10
2 4 6 8 10
1 2 4 6 10
2 3 6 9
4 6 8 9 10
3 6 7 9 10


4 8 10
3 6 10
3 6 8 10
3 6 10
2 3 6 10
4 6 10
2 6 10
1 6 10
4 6 10
2 6
1 6 8 10
2 6 10
4 6 10
1 4 6 10
6 10
2 4 6 8 10
2 4 6 8 10
1 6 7 10
2 3 6 10
1 4 6 10

1 2 6 8 10
1 6 10
6 10
3 5 7 9
2 8 10
1 3 6 10
6 10
5 6 8 10
3 5 9
2 5 6
2 5 9
3 6 10
2 4 8 10
2 3 6 8 10
2 6 8 10
1 3 6 10
3 6 10
2 6 8 10
2 4 6 10
3 6 9

2 4 6 9
4 8 10
2 4 5 7 8
3 4 6 10
3 4 6 9
2 4 8 10
1 3 6 10
1 6 9
2 6 9
3 6
2 6 10
2 6 10
2 4 6 9
1 4 6 10
2 4 6 8 10
4 6 8 10
1 4 6 10
2 4 6 10
3 4 6 8 10
1 3 6 10

2 6 8 10
2 3 6 10
4 6 10
4 6 8 10
3 6 8 10
4 6 10
3 6 10
4 8 10
2 6 10
1 2 6
2 5 7 9
3 6 10
2 4 8 10
2 6 8 10
2 5 8
1 6 10
4 6 7 9
2 6 7 10
1 2 4 6 8 10
3 6 10

2 3 5 7 9
3 6 10
2 4 6 8 10
2 6 10
2 4 6 7 9
4 6 8 9
2 4 6 10
2 3 6 9 10
1 2 4 9
1 6
2 6 10
2 4 6 10
1 4 6 10
1 2 3 6 10
4 6 8 10
2 4 8 10
6 8 10
4 6 8 10
4 6 10
1 3 5 7 9

4 6 8 10
2 6 10
4 6 9
2 4 6 10
2 6 10
2 6 8 10
2 6 10
2 3 4 8 9 10
2 3 6 10
2 3 5
2 4 8 10
2 4 6 8
1 2 6 10
1 2 4 6 8 10
3 6 7 9
1 3 5 9
2 4 6 8 10
4 6 10
3 6 10
2 4 6 10

1 2 4 6 10
6 9
1 4 5 6 10
1 4 6 10
2 6 8 10
3 5 9
3 6 10
1 2 4 6 10
3 6 7 8 10
2 6
4 7 9 11
1 3 6 7 8 10
3 4 6 9
1 4 6 7 8 10
2 4 6 10
1 4 6 9
2 6 10
2 4 6 8 10
2 4 6 8 10
2 5 7 9

2 6 10
1 3 6 10
2 4 5 6 10
2 6 8 10
2 4 9 10
2 6 10
1 6 10
4 6 7 10
4 6 10
2 6
4 6 9
2 6 8 10
1 3 4 6 8 10
1 4 6 9 10
2 4 5 6 8 10
2 4 6 10
2 4 6 7 10
2 6 8 10
2 4 5 6 10
1 4 6 10

2 6 10
6 10
3 6 10
2 4 6 7 10
2 3 4 10
1 2 5 6 10
2 5 9
3 4 8 10
2 4 6 8 10
novena
2 6 8 10
2 4 6 10
1 4 6 10
4 8 10
2 4 5 9

3 6 10
1 4 6
1 2 4 6
1 2 6
2 4 6 8 10

2 6 10
2 4 6 8 10
4 6
4 6 8 10
cuarteto_lira
2 6 10

4 6 10
1 4 6 10
3 6 10
2 6 10
2 6 7 10

2 6
2 5
2 4 6
1 4 8 10
4 8 10

4 8 10
1 6
2 4 6 8 10

2 4 6 10
1 4 8 9 10

3 6 9
1 2 6 7 8 10
4 6 10
3 6 10
2 6

2 4 6
3 5
1 3 5 9
2 6 10
1 3 6 9

3 6
2 4 6 10

2 6 10
2 6 10
2 6 10

2 3 4 5 9
3 4 6 10
4 6 8 10
1 3 6
3 6

2 6
3 6 8 10
4 6 9 10
6 7 10
2 6

3 6 10

2

2 3 6 10
4 6 10
1 3 6 10
2 4 5 7 9
romance_arte_mayor
1 6 8 10
2 4 6 9 10
2 3 6
2 4 6
2 6

3 4 6 8 10
1 2 6 8 10
3 6 8 10
1 4 5 6
2 4 6 10

2 3 6 10
2 6 10
2 6 10
1 4 6 8 10
1 4 6 7 9

2 4 6 8 10
1 4 6
1 3 6
3 6
4 8 10

1 3 4 5 6 10
4 6 8 10
3 6
2 4 6 10
cuarteto_lira
2 3 6 8 10

3 4 6 10
4 6 8 10
1 4 8 10
3 6 8 10
2 4 6 8 10

2 4 6
2 6
1 3 6
2 4 6 8 10
1 3 6 8 10

2 6 7 8 10
1 2 5
2 4 6 10

2 4 8 10
2 6 10

4 6 10
2 4 5 7 9
2 4 8 10
2 6 9
2 6

2 5 6
2 3 6
4 6 10
1 2 6 10
3 6 10

4 6
2 4 6 10

1 3 6 10
3 6 10
1 3 6 10

2 6 10
2 6 8 10
3 6 10
3 6
3 5 6

4 6
3 6 8 10
2 4 8 10
2 6 7 10
2 6

2 4 6 10

2 3 5 7 9
2 4 7 10
2 6 10
4 6 7 10
romance_arte_mayor
1 2 4 10
4 6 10
1 4 6
3 6
1 4 5

2 4 6 8 10
3 5 6 10
2 4 6 10
4 6
2 4 6 10

1 2 6 8 10
3 6 10
2 4 6 8 10
2 4 6 8 10
2 3 4 5 8 10

1 3 6 9 10
3 6
4 6
2 4 6
2 4 8 10

2 4 6 10
2 6 10
2 3 6
2 4 6 10
cuarteto_lira
2 4 6 10

3 6 8 10
3 5 9
1 4 8 10
2 6 8 10
2 6 8 10

3 6
3 5
2 6
4 6 9
2 4 6 8 10

3 6 9
2 3 6
2 4 6 10
terceto
1 4 6 10
4 6 10

3 5 7 9
4 6 8 10
1 4 6 9
1 4 6 7 10
1 2 4 6

3 6
1 3 6
2 3 6 8 10
2 4 6 10
2 6 8 9

2 6
2 4 6 10

1 4 6 10
1 4 6 10
1 5 6 10

2 4 8 10
1 3 6 9 10
2 3 6 10
1 2 6
1 6

3 6
3 6 9
4 6 10
2 3 6 10
2 3 5

2 4 6 10

4 6 10
4 6 10
2 6 10
2 6 10
romance_arte_mayor
4 6 10
4 6 10
2 6
2 6
1 6

1 6 8 10
1 2 6 10
2 4 6 8 10
4 5
2 4 6 10

2 6 8 9 10
1 2 6 8 10
2 4 6 8 10
1 4 6 10
romance_arte_mayor
1 4 5 9

1 3 4 6 10
1 3 6
1 3 4 6
2 4 6

4 6 10

2 3 5 7 9
3 6 8 10
4 6
1 2 6 8 10
cuarteto_lira
2 3 4 8 10

4 8 10
2 4 5 8 10
2 4 6 10
2 4 6 8 10

4 6 8 10

2 6
1 6
4 6
1 3 6 8 10

4 6 10

2 4 5 9
1 2 4 5
2 6 8 10

3

2 4 6 10
1 6 8 10

1 3 6 8 10
1 4 6 10
1 6 10
2 4 8 10
1 3 6

2 4 6
3 6
6 9
4 6 10
6 10

4 5
4 6 10

2 4 6 10
3 6 10
2 4 6 10

2 4 6 10
2 6 8 9 10
4 6 8 10
4 5
2 6

1 4 6
4 6 10
1 4 6 8 10
4 6 10
1 2 4 6

2 3 6 10

1 2 4 6 8 10
3 6 10
1 5 6 10
1 2 4 6 10
romance_arte_mayor
1 6 10
3 6 10
3 6
2 4 6
4 6

2 4 6 8 10
1 4 8 10
4 6 10
2 4 6 8 10
4 6

3 5 7 9

1 4 6 8 10
4 6 8 10
2 6 8 10
2 4 6 10
romance_arte_mayor
2 4 8 10
2 4 6 10
2 6
2 4 6
4 6

2 6 7 10
4 6 7 8 10
4 6 9
1 6
1 4 6 10

2 6 8 10
3 6 8 10
2 6 8 10
1 2 4 5 8 10
2 3 5 6 8

3 4 8 10
2 6
1 6
1 6
2 4 6 8 10

2 4 6 7 10
1 4 6 10
1 5
2 4 6 10
cuarteto_lira
4 6 8 10

3 6 10
2 6 8 10
3 6 10
4 6 10
2 6 10

4 6
2 3 5
1 2 6
1 6 8 10
2 6 10

4 6 10
2 5
1 4 6 10

2 6 8 10
2 6 10

2 6 8 10
4 6 8 10
3 6 10
4 6 8 10
2 4 6

4 6
3 6
2 5 7 9
4 6 8 10
4 6 10

2 6
2 6 10
couplet
1 4 6 8 10
4 6 8 10
4 8 10

1 6 8 10
3 6 8 10
2 3 6 10
2 6
2 4 6

2 5
4 6 8 10
4 6 7 8 10
1 4 6 10
2 4 6

2 4 6 10

1 3 6 10
2 4 7 8 10
2 6 10
2 6 8 10
romance_arte_mayor
4 6 10
1 4 8 9
4 6
3 6
1 4 6

3 6 10
1 4 6 7 8
2 6 8 10
2 6
2 4 8 9 10

2 6 10
2 4 8 10
2 4 5 6 10
4 10
1 4 6 10

3 4 6 10
2 4 6
4 6
4 6
2 6 8 9 10

3 5 9
4 6 10
3 4 6
2 3 6 8 10
cuarteto_lira
2 4 8 10

2 4 6 8 10
1 3 6 8 9
4 8 9
3 6 9 10
2 3 4 6 8 10

2 3 6
6
1 6
1 4 6 10
2 6 9

4 6 10
2 3 5
1 4 6 10

2 4 10
4 6 7 10

4 6 8 10
2 4 6 9 10
4 6 8 10
1 4 6 8 10
4 6

2 4 6
2 4 6
2 4 6 8 10
1 3 6 10
4 6 8 10

4 6
2 6 10

1 4 6 8 10
3 6 10
3 6 8 9

3 6 10
4 6 8 10
1 2 4 6 8 10
2 5
2 4 6

1 4 6
3 6 10
1 6 9
4 6 8 10
3 6

2 6 8 10

2 4 8
3 5 6 7 9
2 4 5 7 11
3 6 7 10
1 6 9 11 12
2 5 6 8 10
2 3 4 6 8 10
4 6 8 10
1 2 5 6 7 10
2 5 6 9
3 5 6 9 10
2 4 6 7 10
3 4 6 7 8 11
2 3 5 6 8 9 12


2 6 8 10
2 3 6 10
4 6 10
4 6 7 10
2 4 5 6 7 10
2 5 6 8 10
4 6 7 10
3 4 6 8 10
2 5 6 10
6 10
1 3 4 6 10
1 6 7 10
1 3 4 6 10
2 4 6 10
sonnet
sonnet
2 6 8 10
2 4 6 8 10
4 6 8 10
terceto
2 4 6 8 10
2 6 9 10
3 6 8 10
terceto
6 7 10
4 6 9
4 6 10
terceto
2 4 6 8 10
6 7 10
1 6 10
terceto
2 6 7 9
3 6 10
2 4 6 10
terceto
1 4 6 10
2 4 6 8 10
1 2 4 6 8 10
terceto
3 7 9
2 4 8 10
2 6 8 10
terceto
1 3 6 8 10
4 8 10
2 4 6 10
terceto
1 4 6 10
2 6 7 10
2 4 6 10
terceto
1 2 6 7 8 10
1 2 4 6 10
2 3 6 7 8 10
terceto
2 6 9 10
1 4 6 9

4 5 6 8 10
4 6 7 10
2 4 8 10
2 4 6 10
3 6 10

1 2 4 5 6 8 10
1 3 5 7 9
2 6 9
terceto
3 5 6 8 10
3 5 6 10
2 4 6 10
terceto
2 4 8 10
6 7 10
3 6 8 10
terceto
6 9
1 3 6 8 10
2 4 6 8 10
terceto
6 10
2 4 8 10
2 6 10
terceto
2 3 6 8 10
1 6 8 10
4 6 10
terceto
2 4 6 9 10
2 5 6 10
1 3 6 10
terceto
2 3 4 7 8 10
2 4 6 8 9 10
1 4 6 9
terceto
2 4 6 8 9 10
2 4 8 10
1 4 6 8 10
terceto
4 6 8 10
3 6 8 9
1 4 8 10
terceto
1 3 6 8 9 10
4 6 8 10
2 3 4 8 10
terceto
1 2 4 6 10
2 3 7 8 9
2 4 6 8 10
terceto
1 2 4 6 8 10
2 4 5 6 8 10
1 2 6 10
terceto
3 7 8 10
2 4 8 10
1 2 6 8 10
terceto
1 2 4 6 10
2 4 8 10
2 4 6 8 10
terceto
2 4 6 9
2
1 3 5 7
2 3 8 10

2 3 4 6 8 10
2 5 6 10
2 4 8 10
terceto
1 6 8 10
2 6 8 10
3 6 8 10
terceto
2 3 6 10
2 6 7 10
1 3 6 7 10
terceto
4 8 9 10
3 4 6 10
2 3 6 10
terceto
1 4 8 10
2 4 6 8 9
1 3 6 10
terceto
5 6 8 9
2 4 6 10
2 6 10
terceto
2 4 6 8 9 10
3 4 6 10
2 3 6 9
terceto
2 3 6 9
2 6 8 10
1 6 8 10
terceto
2 3 5 7 9
2 6 10
2 5 7 9
terceto
2 6 8 10
2 6 10
4 8 10
terceto
2 4 6 8 10
3 4 6 10
3 4 8 10
terceto
3 6 8 10
3 6 10
3 5 7 9
terceto
1 3 6 10
2 4 8 10
2 6 10
terceto
2 4 5 6 10
4 6 10
2 6 10
terceto
4 8 10
2 4 8 10
2 3 6 10
terceto
1 4 6 7 10
3 5 9
1 4 7 9
terceto
3 6 7 10
2 6 9
4 6 8 10
terceto
1 6 10
3 4 6 10
2 4 8 10
terceto
2 5 9
1 4 6 10
2 3 4 6 7 10
terceto
1 3 4 6 10
2 6 10
1 3 4 6 10
terceto
1 3 6 8 10
4 5 6 8 10
1 2 6 10
terceto
1 4 6 9
2 6 10
2 4 8 10
terceto
4 6 10
2 6 8 10
3 6 10
terceto
4 7 10
3 4 6 10
1 4 8 10
terceto
2 6 10
4 10
2 4 8 10
terceto
2 4 6 10
6 10
1 4 6 8 10
terceto
3 6 10
2 6 8 10
4 6 10
terceto
2 4 6 10
2 5 6 8 10
6 7 10
terceto
2 4 6 8 10
1 4 6 7 10
1 4 6 8 9
terceto
2 3 6 10
2 5 6 8 10
4 6 10
terceto
4 6 9
2 6 10
2 6 9
terceto
2 4 6 10
2 6 10
3 6 7 10
terceto
1 6 10
2 6 7 10
2 4 6 10
terceto
2 4 6 8 10
2 5 7 9
3 6 10
terceto
2 4 6 10
4 6 10
1 4 6 10
terceto
2 4 8 10
2 6 8 10
2 4 8 10
terceto
3 6 8 10
2 4 6 8 10
2 4 6 10
terceto
2 4 6 10
4 6 8 10
2 6 8 10
terceto
2 4 8 10
3 6 8 10
2 3 5 7 9
terceto
2 4 5 6 10
1 6 10
2 6 8 9
terceto
1 3 6 9 10
2 6 10
1 4 6 10
terceto
2 5 6 8 10
2 6 10
2 4 6 8 10
terceto
2 4 6 10
2 6 10
3 6 10
terceto
4 6 10
2 6 10
1 3 6 8 10
terceto
2 6 7 9 10
4 6 9 10
2 3 4 6 8 10
terceto
2 6 10
1 6 9
4 6 8 9
terceto
2 4 7 8 10
4 6 10
1 4 6 7 10
terceto
3 4 6 8 9
2 3 6 9 10
4 8 10
terceto
2 6 10
2 6 10
2 6 8 10
terceto
2 6 10
2 4 6 9 10
2 6 8 10
terceto
2 6 10
1 4 6 10
4 8 10
terceto
2 3 6 10
1 3 6 10
4 8 10
terceto
2 5 7 9
2 4 10
3 6 10
terceto
2 5 6 10
1 5 9
3 6 10
terceto
2 3 6 8 10
4 10
2 6 10
terceto
1 2 4 5 6 8 10
1 2 6 10
1 6 10
terceto
2 4 6 10
1 6 10
2 3 6 10
terceto
1 4 8 10
2 6 10
2 6 8 10
terceto
1 4 6 10
2 3 6 10
3 6 10
terceto
2 4 8 10
2 4 8 10
4 6 8 10
terceto
2 4 6 8 10
3 6 8 10
3 6 10
terceto
3 4 7 9
2 4 6 9 10
2 4 8 10
terceto
4 8 10
2 4 6 10
1 3 6 10
terceto
1 4 6 10
3 6 7 9
4 6 10
terceto
2 4 6 10
2 6 8 9
1 3 6 10
terceto
3 6 10
2 5 7 9
2 6 10
terceto
2 6 8 10
1 2 4 6 8 10
2 4 6 10
terceto
2 4 6 8 10
2 4 6 8 10
4 6 8 9 10
terceto
4 6 8 10
5 6 8 10
2 6 10
terceto
1 2 4 6 10
4 6 8 10
2 6 10
terceto
2 3 4 5 6 10
1 3 6 8 9 10
1 2 4 6 8 10
terceto
1 2 6 10
4 6 10
2 6 8 10
terceto
1 3 4 7 8 10
2 4 6 8 10
4 8 10
terceto
2 4 6 7 10
1 4 6 8 9 10
1 2 6 8 10
terceto
3 4 6 10
1 2 5 9
1 4 6 10
terceto
3 6 7 8 10
4 6 10
2 4 6 10
terceto
1 4 6 8 10
4 6 8 10
2 6 10
terceto
1 6 7 10
3 4 6 10
3 6 7 10
terceto
2 4 5 6 10
1 4 6 9
3 4 6 10
terceto
1 4 6 7 10
3 6 10
2 4 6 7 9
terceto
4 5 7 9
1 3 4 6 8 10
3 4 6 10
terceto
1 4 6 10
2 4 6 8 10
3 6 8 10
terceto
1 4 6 10
2 4 6 8 9 10
2 6 10
terceto
6 10
2 6 10
2 3 4 6 10
terceto
1 2 4 8 9 10
4 6 10
3 6 10
terceto
2 4 10
3 6 7 10
1 3 6 10
terceto
4 6 8 10
2 6 10
4 6 7 10
terceto
1 2 6 10
3 5 6 10
2 6 10
terceto
3 4 6 10
3 6 10
4 6 10
terceto
2 6 10
4 6 10
2 4 6 7 10
terceto
2 4 6 8 10
6 10
2 4 6 9
terceto
3 6 10
2 6 9
4 6 10
terceto
4 6 7 10
2 6 10
4 6 10
terceto
2 6 9
2 6 8 10
2 4 6 10
terceto
1 6 10
4 6 7 10
4 6 10
terceto
2 4 6 10
4 6 10
2 6 10
terceto
2 4 6 10
2 5 9
4 6 9 10
terceto
4 8 10
4 6 10
2 6 8 10
terceto
1 3 6 7 8 10
2 6 7 10
4 6 10
terceto
2 6 8 10
1 4 7 8 10
2 4 7 9
terceto
1 4 6 9
2 6 10
2 6 10
terceto
3 6 8 10
2 4 6 8 10
2 6 8 10
terceto
2 3 6 10
2 5 9
4 8 10
terceto
4 8 10
1 2 3 4 6 10
3 4 5 6 9
terceto
2 3 4 6 8 10
4 6 10
2 6 10
terceto
2 4 6 9 10
4 6 10
1 5 8 9
terceto
1 4 8 10
2 4 6 7 9 10
2 6 8 10
terceto
4 6 7 10
2 4 10
2 6 10
terceto
3 4 6 10
1 4 6 10
4 6 10
terceto
1 3 6 7 10
1 2 4 6 10
2 4 7 9
terceto
1 4 6 10
3 6 7 8 10
4 6 8 10
terceto
2 6 8 10
2 4 6 8 10
2 4 8 10
terceto
3 6 9
2 4 6 10
1 4 6 10
terceto
2 6 8 10
2 6 10
3 6 10
terceto
2 4 6 10
1 6 10
1 6 8 10
terceto
2 6 10
2 6 10
3 6 8 10
terceto
2 6 10
4 6 8 10
4 8 10
terceto
6 8 10
2 3 6 8 10
2 6 10
terceto
4 6 10
2 6 10
3 6 8 10
terceto
1 4 8 10
2 4 7 9
2 6 10
terceto
2 4 6 8 10
2 6 10
2 4 8 10
terceto
1 6 10
4 8 10
3 4 6 10
terceto
4 10
4 6 10
2 4 7 8 10
terceto
1 4 10
2 6 10
2 4 6 10
terceto
2 3 4 5 7 9
2 6 8 10
2 4 6 8 10
terceto
3 6 10
4 6 10
4 8 10
terceto
3 6 8 10
3 6 10
4 8 10
terceto
2 8 10
2 6 10
2 4 6 10
terceto
2 6 8 10
4 8 10
3 6 8 10
terceto
2 4 6 9 10
2 6 8 10
1 4 6 8 10
terceto
2 4 6 8 10
2 3 6 9
4 8 10
terceto
1 4 5 7 9
1 2 4 6 10
1 2 6 9
terceto
1 3 4 6 10
1 2 6 8 10
4 6 7 10
terceto
2 3 6 8 10
2 6 8 10
4 6 10
terceto
1 4 6 10
2 6 10
4 6 8 10
terceto
1 4 7 10
2 4 6 10
1 4 5 6 10
terceto
1 4 8 10
1 6 8 10
1 4 8 10
terceto
4 6 8 10
4 6 10
1 6 8 10
terceto
1 4 6 10
2 6 10
1 4 6 10
terceto
1 3 6 8 10
2 4 6 8 9 10
2 4 6 10
terceto
2 6 8 10
3 6 8 10
2 3 7 9
terceto
2 4 7 8 10
4 7 10
1 3 6 8 10
terceto
3 6 10
5 6 10
2 3 6 10
terceto
2 5 6 10
4 8 10
2 3 6 8 9
terceto
3 6 10
1 6 7 10
1 4 6 8 10
terceto
2 6 10
2 6 10
1 4 6 10
terceto
1 2 6 8 10
2 6 8 9 10
2 3 6 8 10
terceto
2 4 8 10
3 6 8 10
3 6 7 10
terceto
2 5 9
3 6 10
2 4 6 10
terceto
2 6 10
2 4 5 6 10
3 4 6 8 10
terceto
2 5 7 9
1 6 10
3 6 10
terceto
4 6 10
2 4 6 10
2 3 5 6 10
terceto
6 10
1 2 4 6 10
3 5 6 10
terceto
2 4 10
1 3 6 10
2 4 6 10
terceto
2 4 6 9
4 6 10
2 4 6 10
terceto
2 4 7 8 10
2 4 6 9
2 4 6 10
terceto
6 10
2 4 6 10
2 6 10
terceto
2 4 6 8 10
4 6 10
4 6 8 10
terceto
4 6 10
3 6 10
2 4 6 10
terceto
1 4 6 10
2 4 6 7 8 10
2 4 6 10
terceto
4 8 10
2 3 6 10
2 4 8 10
terceto
2 4 6 10
1 4 6 8 10
2 6 8 10
terceto
2 6 10
2 3 4 7 9
2 3 5 7 9
terceto
2 3 6 10
3 6 10
4 6 8 10
terceto
3 4 6 8 10
2 4 6 8 10
1 2 6 10
terceto
2 4 8 9 10
4 6 10
4 6 8 10
terceto
1 2 3 4 6 10
4 6 7 10
1 4 6 7 10
terceto
2 4 6 10
2 5 7 9
1 6 8 10
terceto
4 6 10
1 5 6 8 10
1 2 6 8 10
4 6 10
serventesio
4 6 8 10
2 6 8 10
1 3 6 8 10
terceto
1 4 6 8 9 10
3 4 6 10
3 4 6 8 10
terceto
2 5 6 10
1 3 5 9
3 4 6 7 8 10
terceto
2 4 6 7 10
1 3 4 6 10
2 6 10
terceto
2 3 4 7 8 10
1 2 4 6 9
3 5 6 10
terceto
1 2 4 6 10
2 4 7 8 10
2 5 7 9
terceto
1 3 4 8 10
3 6 9
1 3 4 5 9
terceto
2 3 4 6 8 10
1 4 6 10
2 4 6 7 10
terceto
2 4 8 10
2 4 6 10
3 6 8 10
terceto
1 4 5 8 9
1 3 5 6 9
2 3 5 6 10
terceto
1 2 6 10
1 2 5 6 10
2 6 10
terceto
1 3 6 8 10
2 6 8 10
4 6 10
terceto
2 5 7 9
2 3 6 8 9 10
1 4 6 8 10
terceto
1 4 6 8 10
2 3 6 8 10
1 2 4 6 9 10
terceto
2 4 6 10
3 4 6 10
6 8 10
terceto
1 2 4 6 10
3 6 8 10
1 3 6 10
terceto
1 2 6 10
1 2 6 8 10
4 8 9 10
terceto
1 2 4 10
2 6 10
4 6 10
terceto
1 4 5 6 10
1 4 5 6 10
6 9 10
terceto
2 3 6 10
2 4 6 7 10
2 6 8 10
terceto
1 3 4 6 8 9 10
1 3 6 8 10
2 4 8 10
terceto
2 4 6 10
2 6 10
1 3 4 5 9
terceto
1 4 6 10
2 6 7 8 9 10
4 6 8 10
terceto
1 2 6 8 9
2 4 6 10
1 4 6 8 9 10
terceto
3 6 10
5 6 10
2 6 8 10
terceto
1 3 6 8 9
1 4 6 8 10
4 6 9 10
terceto
1 2 6 8 10
4 6 10
4 6 8 10
terceto
1 3 6 10
2 4 6 9
1 3 6 10
terceto
4 6 8 10
3 6 10
3 4 6 8 9
terceto
1 3 6 8 10
1 4 6 9
2 6 8 10
terceto
1 2 4 6 7 10
2 3 6 8 10
2 4 6 10
terceto
2 3 6 8 10
2 4 6 8 10
2 3 5 6 7 8 10
terceto
1 2 6 8 10
2 4 5 8 10
2 4 8 10
terceto
1 2 5 7 9
2 6 10
1 4 6 8 10
terceto
2 4 6 9
3 5 6 11
2 6 8 10
terceto
2 4 8 10
2 4 6 8 10
2 6 10
terceto
2 4 6 8 10
1 4 6 10
2 6 8 10
terceto
1 4 6 9
2 6 10
1 3 6 8 10
terceto
1 2 4 6 7 8 9
3 6 10
2 4 6 7 9
terceto
2 5 6 8 10
2 4 8 10
2 4 6 8 10
terceto
3 6 8 9 10
2 6 10
1 3 6 8 10
terceto
1 2 4 6 8 10
1 2 4 6 9
1 4 5 6 10
terceto
1 3 5 8
4 6 8 10
4 6 8 10
terceto
1 4 8 10
2 4 6 8 10
2 4 6 7 8 9
terceto
2 4 6 7 10
1 5 6 7 9
2 4 6 8 10
terceto
2 4 5 6 8 10
1 4 6 10
1 3 6 8 10
terceto
1 3 6 9
2 6 8 10
3 4 6 8 10
terceto
1 3 4 7 9
2 4 6 9 10
1 6 10
terceto
2 5 6 8 10
1 6 9 10
1 4 6 10
terceto
2 3 6 8 10
3 6 9
1 2 4 8 10
terceto
1 3 5 6 8 10
1 4 6 8 10
3 6 8 10
terceto
2 4 6 8 10
2 4 6 8 9
2 4 6 8 10
terceto
2 6 7 10
2 4 6 8 10
2 3 6 10
terceto
2 3 5 7 9
1 4 5 9
1 2 3 6 10
terceto
2 6 10
2 6 7 10
4 6 10
terceto
6 8 10
1 4 8 10
3 6 8 10
terceto
1 3 4 5 9
3 4 5 7 9
2 6 8 10
terceto
4 6 10
3 6 7 8 10
2 6 8 10
terceto
2 5 6 10
3 4 6 8 10
3 4 6 9
terceto
4 6 10
2 4 6 8 10
1 3 5 8
terceto
1 4 8 10
4 6 10
1 4 8 10
terceto
2 5 6 7 10
4 6 10
3 6 10
terceto
2 3 6 10
4 6 10
2 6 9
terceto
1 2 6 10
3 6 8 10
6 10
terceto
2 3 9
2 4 6 8 10
1 4 8 10
terceto
1 2 4 6 8 10
2 6 9 10
1 3 7 9
terceto
2 4 6 10
4 8 10
4 6 8 10
terceto
2 6 10
1 4 6 8 10
2 5 9
terceto
1 2 4 8 10
2 3 6 10
4 8 10
terceto
2 4 6 8 10
2 4 6 10
1 2 4 6 8 10
terceto
2 4 6 9 10
1 4 6 10
1 4 6 8 10
terceto
1 6 10
1 3 7 9
2 6 10
terceto
2 6 8 10
2 4 6 8 9
2 6 8 10
terceto
2 5 6 10
2 6 8 10
2 4 8 10
terceto
1 6 10
4 6 9
3 6 10
terceto
2 6 10
2 6 8 10
4 6 10
terceto
2 3 6 10
2 4 6 8 10
4 6 10
terceto
1 4 6 8 10
1 5 9
2 6 7 8 10
terceto
2 6 10
2 5 6 9
2 4 6 10
terceto
3 6 10
2 6 10
2 3 4 6 8 10
terceto
2 5 6 9
2 4 6 10
4 8 10
terceto
1 2 6 10
2 4 6 10
1 6 10
terceto
1 2 4 8 10
3 6 10
2 6 8 10
terceto
2 3 4 10
2 6 10
2 3 6 8 10
terceto
3 6 10
3 6 8 9 10
2 6 10
terceto
2 3 6 8 10
2 4 6 8 10
2 6 8 10
terceto
2 4 10
3 6 10
3 6 9
terceto
2 4 6 8 10
2 4 8 10
3 4 10
3 6 9
serventesio
3 6 8 10
2 4 6 10
3 7 9
terceto
1 4 6 10
1 3 5 9
2 6 10
terceto
1 2 4 5 9
4 6 8 10
4 6 10
terceto
4 6 10
2 4 8 10
3 6 8 10
terceto
2 6 10
1 4 6 10
1 6 8 10
terceto
1 3 6 10
2 4 10
2 6 10
terceto
2 6 10
2 4 6 8 10
3 4 6 10
terceto
1 2 6 10
3 6 7 8 10
3 6 7 9 10
terceto
2 4 6 8 10
3 6 10
2 6 7 8 10
terceto
1 3 5 7 9
2 4 8 10
2 4 6 10
2 4 6 8 10
serventesio
1 6
2 3 6
4 8 10
2 6
2 6
4 6 9
1 2 4 6
4 6
3 6
6
3 7 9
1 4 6
2 4 6 8 10
3 5
1 2 4 6
3 6 8 10
3 6
4 6
3 5 9
1 4 6
1 4 6
1 3 6
2 6
2 3 6 8 10
4 6
1 5 7 9

2 3 4 6
2 3 5
2 6 8 10
3 6
2 4 6
1 4 7 10
1 6
3 6
3 6
2 4 6
3 6 10
2 6
2 4 10

2 6 10
2 6 10
2 6 8 10
1 4 6 10
3 4 6 8 10
2 4 6 8 9
3 6 10
2 3 6 10
2 6 8 10
1 6 10
2 5 6 10
2 4 6 10
4 6 10
1 3 6 10
2 6 8 10
4 6 10
1 6 8 10
2 6 8 9

2 6 8 10
2 3 5 7 9
2 6 10
1 2 4 5 9
5 6 8 10
4 6 9
3 6 9 10
2 4 6 10
2 6 10
novena
1 2 6 10
4 5 6 10
2 3 6 8 9 10
2 4 5 6 9 10
1 2 6 10
2 4 6 8 10

1 3 6 10
4 6 10
2 4 6 8 10

2 3 6 10
4 6 10
3 6 8 10
2 6 10
2 3 6 10
2 3 6 10
1 2 4 6 10
2 4 6 9
2 4 5 6 8 10
2 4 6 10
3 6 10
2 4 8 10

2 4 6
2 4 6
2 4 6 8 10
2 6
1 6
4 6 8 10
4 5 6
4 6
4 6
2 3 6
3 6 10
1 2 4 6
1 3 6 8 10

1 3 6
3 5
1 2 5 7 9
2 4 6
1 3 5 6
3 6 10
1 3 6
2 3 6
3 6
3 6
3 6 10
3 5 6
2 5 6 8 10

1 2 6
4 6
2 5 8
1 3 6
3 6
3 6 10
2 6
2 6
2 4 6
2 4 6
4 5 8 10
2 3 4 6
3 4 6 10

2 4 6 8 10
3 4 6 8 9
2 4 5 7 9
2 6 10
1 4 6 10
4 6 10
2 6 7 10
2 5 7 9
1 5 9
1 2 4 6 8 9 10
4 6 8 10
2 6 8 10
4 5 9
3 6 8 10
2 4 6 9
1 3 6 8 10
2 3 5 9
2 4 6 7 10
2 4 6 9 10
1 4 6 7 8
3 6 8 9
2 4 6 10
3 6 10
2 4 6 8 10
2 4 6 9 10
2 3 6 10
1 6 8 10
2 6 9 10
1 3 6 9 10
2 4 6 8 9 10
1 4 6 10
1 6 8 10
3 6 9
2 4 6 10
2 4 6 10
2 6 10
1 3 6 8 10
1 2 6 10
1 2 3 6 10
4 6 8 10
1 4 6 9
2 5 8
2 3 6 9
2 4 6 10
2 6 8 10
1 4 6 8 9

2 3 6 8 9 10
2 6 8 10
2 4 6 8 10
3 4 6 8 10
1 6 10
2 4 6 8 10
4 6 8 10
4 6 10
2 5 7 9
4 6 10
2 5 9
4 6 8 10

2 5 9
1 3 6 10

2 6 10
4 6 10
3 6 8 9 10
2 4 6 8 10
1 3 6 10
2 4 6 9 10

1 2 3 6 10
4 6 8 10

2 6 8 10
1 2 6 10
1 4 6 8 10
1 2 6 9
1 3 6 10
1 2 6 7 9
1 2 4 6 10
2 4 6 10
2 5 9
2 4 6 8 10
1 3 5 9
6 10
2 4 6 9
2 4 6 8 10
1 4 6 10
2 6 10
2 6 8 10
2 6 8 10
2 3 6 8 9
1 3 6 10
2 3 6 8 10
1 3 4 5 6 10
2 6 10
1 2 6 8 10
2 6 9
1 2 4 6 8 10
3 6 10
2 5 6 7 9 10
2 4 5 6 8 10
4 6 10
1 2 4 6 10
2 4 6 7 8 9
2 6 9
4 5 6 10
2 3 6 10
1 2 5 6 7 9
2 4 6 8 9
1 3 5 6 10
2 3 6 8 10
6 8 10
2 6 10
1 2 4 6 8 10
2 3 6 10
1 2 6 10
3 6 10
1 2 3 4 6 8 10
6 8 9
2 3 5 6 10
2 6 10
1 2 4 6 8 10
1 4 5 6 9 10
1 3 4 5 7 8 9
2 6 8 9
3 6 8 10
2 6 8 10
1 4 6 10
1 4 6 10
2 5 6 10
2 6 8 9 10
2 5 6 10
1 3 6 8 10
1 3 5 6 8 10
2 4 6 8 9 10
1 5 6 10
1 4 6 9 10
1 4 6
1 3
1 3 4 6 10
1 4 6 8 10
1 6 10
2 6 8 10
2 4 5 6 8 10
1 4 6 9 10
1 4 5 6
3
1 3 5 6 9
1 5 6 10
2 4 6 10

2 4 6 9
3 6 8 10
6 8 10
4 6 10
2 4 6 10
2 6 8 10
3 6 9
1 3 5 9
octava
1 3 6 8 10
2 5 6 10
2 4 6 9

1 2 6 8 9
1 3 6 8 10
6 8 10
3 4 6 10
1 6 10
2 6 10
4 6 8 10
3 6 8 10
4 6 10
1 6 10
2 6 8 10
2 4 6 10
2 4 6 10
3 6 8 10

2 5 6 9 10
2 6 8 10
1 4 6 8 10
1 6 9 10
2 4 6 10
6 10
4 6 10
septeto
1 6 8 10
3 5 7 9
3 6 10
2 6 10
2 6 8 9
2 6 8 10
6 10
2 6 10
octava
2 4 6 9
3 6 10
3 6 10
2 3 6 10
1 4 6 8 10
2 4 6 9
2 5 6 8 10
3 6 8 10
2 4 6 10
2 5 9
4 6 10
5 8 9

2 5 6 9
2 6 8 10
3 4 6 9 10
2 4 6 10
1 3 6 9
2 4 6 10
2 4 6 8 10
2 4 6 10
2 6 8 10
1 2 4 6 8 10
2 6 10
2 4 6 10
2 5 7 9
6 8 10
6 7 8 10
2 6 8 10
1 4 6 10
4 6 10
4 6 9
1 3 5 7 9
2 4 5 7 8 9
2 4 6 10
3 6 10
1 4 6 10
4 6 8 10
3 5 9
1 2 3 6 10
3 6 9
3 6 10
1 4 6 9
2 6 8 10
2 4 6 10
3 6 10
1 4 6 10
3 6 9
2 6 9
2 6 8 10
1 3 5 7 9
3 5 7 9
1 6 8 10
2 3 6 10
2 5 7 9
2 4 6 8 10
2 4 6 10
1 6 8 10
2 6 8 10
2 6 10
1 3 6 8 10
3 6 10
2 6 10
3 6 9
3 6 8 10
2 5 6 8
1 2 6 10
2 6 8 10
3 6 9
1 6 10
2 6 10
6 8 10
2 6 10
2 6 8 10
1 4 6 10
2 4 6 10
3 6 10
1 3 6 10
2 6 10
3 6 10
2 4 6 10
2 4 6 8 10
2 3 6 10
4 6 9 10
2 6 8 10
1 4 6 9
1 6 10
3 4 6 10
2 6 10
1 4 6 9
2 4 6 10
1 3 6 9 10
4 6 10
2 4 6 10
2 4 6 10
1 4 6 10
1 6 9 10
1 3 4 6 10
1 3 6 8 10

2 3 6 8 10
2 6 10
1 4 6 9 10
2 5 9
4 6 8 10
2 6 9
1 3 5 6 8
1 6 8 10
2 4 6 10
4 6 10
1 3 6 9 10
1 3 4 6 10
1 3 6 7 9
1 4 6 8 10
3 4 6 8 10
4 6 9
1 2 6 9

2 4 6 9 10
2 4 6 10
3 6 9
2 6 10
2 4 6 9
2 6 8 10
2 6 10
1 6 8 10
2 4 6 8 10
1 3 6 10
4 6 8 10
2 5 6 10
2 6 8 10
1 4 6 9
1 6 10
2 6 8 9
1 3 6 10
2 4 6 8 10

2 4 6 8 10
2 4 6 10
4 6 8 10
1 4 6 7 8 10
3 6 10
5 7 9
1 2 6 7 8 9
4 6 8 10
2 6 8 10
2 3 6 9 10
2 6 9
1 2 6 9 10
4 5 6 10
2 3 6 10
2 5 7 9
6 10
2 4 6 7 10
2 4 6 10
1 3 5 9
2 4 6 8 10
1 2 5 6 10
3 6 8 10
1 4 6 10
2 6 8 10
1 2 6 10
2 6 9

2 3 6 8 10
3 6 8 10
2 6 10
2 6 8 10
1 3 4 6 8 10
2 3 6 8 10
4 6 10
1 5 7 9
1 3 6 10
2 6 8 10
1 4 6 7 10
1 2 4 6 10
1 5 7 9
2 5 9
3 6 10
3 6 10
2 4 6 10
6 9
2 4 6 10
2 6 9 10
2 5 6 10
2 6 8 10
1 3 6 10
2 6 9 10

1 3 5 7 9
2 6 10
1 6 8 10
2 4 6 9
2 6 8 10
2 4 6 8 10
1 5 7 9
2 6 10
2 4 6 9
4 6 8 10

2 4 6 9
1 4 6 8 10
2 6 9 10
2 3 6 8 9
2 5 6 8 9 10
2 4 6 10
1 2 6 8 10
2 4 5 7 9
1 3 6 10
2 6 8 10
2 6 10
2 6 9
3 5 9
2 6 10
3 6 9
1 2 4 6 10
2 4 6 10
1 3 6 8 10
2 6 10
2 3 6 10
2 6 7 10
4 6 10
2 6 8 10
4 6 10
6 8 10
2 4 6 10
2 4 6 8 10
4 6 7 10
1 6 10
2 6 9 10
6 10
2 3 6 10
2 4 6 10
4 6 8 10
1 4 6 10
2 5 8
1 2 5 6 9 10
3 6 10
2 6 10
2 6 8 10
2 4 6 8 10
2 5 6 8 10
2 6 10
2 3 6 7 10
4 6 8 10
2 6 10
4 6 8 9
2 6 10
3 6 10
2 4 6 8 10
1 6 9 10
3 5 9
6 8 10
2 4 6 10
2 5 7 8 9
2 3 6 10
1 3 5 7 9

2 3 4 6 10
1 3 5 9
3 6 8 10
6 7 9
2 4 6 8 10
2 6 9 10
2 5 6 10
3 6 10
2 3 6 8 10
2 3 6 8 10

1 3 5 7 9
2 6 10
2 6 10
1 4 6 10
2 6 9
2 6 8 10
4 6 10
2 6 10
2 5 9
3 6 10
4 6 8 10
2 6 8 10
2 6 10
3 6 8 10
2 6 10
2 6 7 9
3 6 9
3 6 8 10
2 4 6 10
6 7 10
4 6 10
6 8 10
4 5 6 10

2 6 8 9
2 6 10
3 6 10
4 6 10
2 4 6 10
3 6 9
2 6 8 10
4 6 10
1 2 6 10
3 6 9

1 4 6 10
2 4 6 8 10
2 4 6 10
3 6 8 10
6 8 10
2 4 6 10
5 7 9
4 6 9
4 6 9 10
novena
2 6 10
2 4 6 9 10
2 6 10
4 6 8 10
1 4 6 10
1 4 6 10
2 6 9
1 3 6 10
2 3 6 8 10
2 4 6 10
2 6 7 10
1 3 4 6 8 10
2 6 8 10
1 6 8 10
2 6 8 10
2 6 8 10
3 6 7 9
2 6 8 10
4 6 9
2 4 6 10

3 6 9 10
2 4 6 10
4 6 8 10
2 4 6 10
2 3 6 10
3 6 9
2 3 5 7 8
2 6 8 10
1 4 6 10
3 6 10
3 6 10

4 6 10
1 3 6 10
6 10
2 6 10
2 6 10
3 6 10
1 3 6 10
2 6 9
2 4 6 10
4 6 10

2 4 6 9
2 6 8 10
3 6 8 10
2 4 6 8 10
2 6 9
2 6 10
1 6 10
2 6 10
2 3 6 8 10
novena
1 4 6 10
1 4 6 10
2 6 8 9
1 3 4 6 10
2 6 9 10
1 3 6 8 10
2 6 9
3 6 10
2 6 10
1 6 8 10
4 6 8 10
2 6 10
2 4 6 8 10
1 2 4 6 10
6 9 10
4 6 10
2 6 10
3 6 10
2 4 6 9
3 6 10
1 2 6 10
2 6 10
2 3 5 8 9
1 4 6 10
2 5 7 9
2 4 6 10
2 4 6 10
1 3 6 10
2 3 6 8 10
4 6 10
1 3 6 10
3 4 6 10
2 6 10
3 6 10
4 6 10
3 6 10
2 4 6 8 10

2 6 8 10
2 6 8 10
4 6 8 10
4 6 10
4 6 10
1 4 6 8 10
1 4 6 8 10
3 6 10
1 3 4 6 8 10
3 6 10
4 6 10
2 4 6 9 10
2 6 10
3 6 8 10
1 3 6 10
2 5 7 9
2 6 8 10
2 6 9 10
2 4 6 9
2 6 8 10
3 6 8 10
4 6 10
2 6 8 10
4 6 10
2 4 6 10
4 6 9 10
4 6 10
1 3 6 10

2 4 6 8 10
2 5 9
2 4 5 6 8
1 6 8 10
2 4 6 8 10
3 6 7 9
2 6 8 10
3 6 8 10
3 4 6 10
1 6 8 10
3 6 10
3 6 10
4 6 10
2 4 6 10
2 3 6 10
2 5 9

2 5 9
2 6 8 9
3 6 10
4 6 8 10
1 4 5 9
4 6 8 10
1 4 6 10
septeto
3 6 8 10
1 3 6 10
3 6 8 10
2 6 10
2 6 10
2 6 8 10
3 6 8 10
septeto
4 6 8 9
2 6 8 10
3 6 8 10
2 6 10
2 6 10
2 4 6 10
2 4 6 8 9
septeto
2 4 6 10
2 4 6 8 10
4 6 10
2 5 8
2 3 6 8 10
2 6 10
2 6 10
2 5 6 8 10
1 3 5 8
6 9
2 6 8 9
1 6 10
4 6 8 10
1 3 6 9 10
1 4 6 8 10

3 6 8 10
3 6 8 10
2 6 10
4 6 8 10
3 6 8 10
3 6 7 8 10
4 5 6 8 10
3 5 9
1 3 6 9
6 10
1 6 10

1 6 10
2 6 10
2 3 6 10
2 6 10
2 6 10
2 4 6 8 10
2 6 8 9
1 6 10
2 6 8 10
1 4 6 10
2 6 10
3 6 8 10

1 4 6 8 10
3 6 9
4 6 8 10
4 5 9
2 6 8 10
4 6 10
4 6 8 10
2 6 8 10
2 6 10
2 6 8 10
2 3 6 8 10
2 6 10
4 6 10
1 3 6 10

4 6 10
2 6 10
2 6 8 10
2 6 8 10
1 3 6 10
2 6 10
2 6 7 8 10
4 6 10
1 4 6 8 10
2 6 10
2 6 9
1 3 6 10
3 6 10
2 6 10
1 4 6 10
4 6 10
2 6 10

2 5 7 9
2 6 10
2 5 8
3 6 10
4 6 9 10
4 6 10
2 6 10
2 6 10
3 6 7 9
4 6 9 10
4 6 8 10
2 3 6 8 10
3 6 8 10
1 4 6 9
3 6 9 10
4 6 10
3 6 10
2 6 9
1 3 6 8 10
2 4 6 10
4 6 8 10
3 6 8 10
4 6 10
1 2 4 6 10
2 6 8 10
2 4 6 10
2 6 10
2 6 9 10

4 6 9 10
2 4 6 8 10
2 4 6 8 10
4 6 10
2 6 7 9
2 6 8 10
2 4 6 10
2 4 6 10
2 5 9
2 4 6 10
3 6 10
2 5 7 9
2 4 6 8 10
4 6 8 10
2 4 6 10
2 6 8 10
3 6 8 10
2 4 6 8 10
2 5 6 8 10
2 6 8 10
6 10
1 6 8 10
4 6 8 10

2 4 6 10
2 3 6 10
2 6 8 10
4 6 10
2 4 6 10
2 6 10
2 6 8 10
4 6 8 10
2 4 6 8 10
3 6 8 9
2 4 6 10
2 4 6 8 10

1 6 8 10
2 6 8 9
2 4 6 10
2 6 10
1 5 9
1 4 6 10
2 3 6 10
3 6 8 10
4 6 8 9 10
1 2 4 6 8 10
2 3 6 9 10
1 6 8 10
4 6 8 10
4 6 10
2 4 6 10
3 6 8 9
3 6 10
2 4 6 8 10
2 6 8 10
3 4 6 10
3 6 10
1 2 6 10
3 4 6 8 10
1 2 6 9 10
2 6 10
1 2 4 6 10
1 6 10
2 4 5 6 8 10
4 6 10
1 4 6 10
1 4 6 8 10
3 6 10
4 6 8 10
6 9
1 6 8 9
2 4 6 10
2 4 6 8 10
6 10
2 6 8 10
3 6 10
2 6 10
2 6 10
2 3 6 9
2 6 10
1 6 8 10
1 6 8 10
1 2 6 8 10
3 6 8 10
2 6 8 10
1 6 9 10

2 4 6 8 9
2 6 9
1 3 6 10
2 6 8 10
2 5 6 8 10
3 5 7 9
2 6 9
1 6 10
6 9
6 9 10
2 5 6 8 10
4 6 8 10
4 6 8 10

2 4 6 8 10
1 4 6 10
3 6 9
2 4 6 8 10
4 6 10
6 7 8 10
2 6 8 10
1 3 6 10
2 6 10
1 2 3 5 7 9
2 4 6 8 10

3 6
4 6
2 5 9
2 3 6
2 4 6
3 4 6 10
2 6
2 6
4 6
2 4 6
4 8 9 10
1 2 6
1 3 4 6 10

2 6
2 4 6
1 3 6 8 10
3 4 6
2 6
2 4 5 6 8 9 10
3 6
1 3 6
2 3 6
3 6
4 8 10
6
4 6 10

2 6 10
2 6 10
6 8 10
2 6 10
2 6 10
2 6 8 10
4 6 8 10
2 4 6 10
2 6 10
2 4 5 8 10
1 4 8 10
4 6 8 10
1 6 8 10
2 4 6 10
sonnet
sonnet
2 4 6 10
4 6 8 10
1 2 6 8 10
2 6 8 10
2 4 7 8 10
3 4 6 9 10
2 4 7 8 10
2 4 6 10
1 2 4 10
1 3 5 10
2 6 8 10
3 6 8 10
2 4 6 7 10
2 3 6 9 10
sonnet
2 4 6 10
2 4 6 10
2 4 6 8 10
1 3 6 8 10
2 6 9 10
4 6 10
3 6 8
2 4 6 8 10
3 6 8 10
2 4 6 10
2 4 8 10
4 6 10
4 8 10
3 6 10
sonnet
sonnet
1 3 6 7
1 3 7
3 7
2 6
cuarteta
1 3 5
1 3 5 7
1 6

1 4 6 8 10
2 4 6 7 10
4 6 10
2 6 10
2 4 6 8 10
2 6 10
3 6 10
1 4 8 10
4 6 10
2 6 10
3 6 10
3 4 8 10
1 3 6 10 12
4 6 8 10
sonnet
sonnet
1 3 5 7
2 5 6
3 7
2 4 7
2 7
quintilla
3 5 7
2 5 7
3 5 7
2 5 7
3 5 7
quintilla
1 3 5 7
1 5 7
3 7
3 7
4 7
quintilla
2 4 8 10
2 6 10
4 6 10
3 6 10
2 4 6 10
3 6 10
2 3 6 10
2 6 10
2 3 4 8 10
3 6 10
2 5 6 9 10
2 4 6 10
4 6 8 10
2 4 6 10
sonnet
2 4 6 10
1 6 10
3 6 8 10
2 4 8 10
2 6 8 10
2 5 9
2 6 8 10
3 6 10
2 4 6 10
2 4 6 8 10
2 4 7 9
2 6 8 10
4 8 10
4 6 8 10


1 4 8 10
4 8 10
3 5 8 10
2 4 6 8 10
3 5 6 8 10
2 4 6 9 10
2 4 6 8 10
1 4 6 10
3 6 8 10
4 6 8 10
3 6 9 10
3 6 10
3 4 6 10
3 6 8 10
sonnet
2 4 6 8 10
4 6 8 10
2 6 8 10
1 4 6 8 10
1 4 6 9
1 4 10
3 4 6 7 9 10
4 6 10
3 4 6 10
2 4 6 10
3 6 10
2 4 6 10
2 4 6 8 10
2 4 6 9 10
sonnet
sonnet
4 6
2 6
2 6 10
2 6
2 4 6
2 6 10
1 3 6
1 3 6
2 4 6
1 2 6 8 10
4 6 10
2 3 6
6 8 10

2 3 5
2 6
2 4 6 7 8 10
2 4 5 6
2 6
2 3 5 9
1 2 4 6
6
2 4 6
2 5 6 10
2 4 10
5 6
2 4 6 10

2 6
4 6
3 8 10
4 6
2 3 4 6
2 4 6 10
2 4 6
3 6
1 2 6
1 3 4 9 11
2 3 8 10
1 3 5
2 4 6 10

2 4 6
2 4 6
3 5 6 10
2 4 6
4 6
2 4 6 8 10
2 4 5 6
6
2 6
2 4 6 7 10
2 3 6 10
1 2 4 5
2 4 8 9 10

4 6
2 4 6
4 6 10
6
3 6
1 3 4 6 10
6
1 6
2 6
2 4 5 6 10
4 8 10
1 4 6
3 6 8 10

2 3 4 6 10
2 6
1 4 6 10

1 4 6 10
3 4 8 10
2 4 6 10
1 3 4 6 8 10
2 4 8 10
4 6 10
1 3 6 10
1 3 6 10
2 4 8 10
2 6 10
3 6 8 10
2 4 6 8 10
2 6 7 9 10
1 6 10
sonnet
sonnet
2 4 8 10
1 2 6 8 10
2 4 6 8 10
1 2 6 8 10
1 4 6 10
6 10
1 6 8 10
3 6 7 10
1 4 6 10
4 6 8 10
1 3 4 6 8 10
1 2 4 6 10
3 6 8 10
4 6 10
sonnet
sonnet
1 4 6 9
2 4 8 10
4 6 10
2 6 10
1 6 10
3 4 6 10
2 6 9 10
2 6 10
2 6 7 10
4 8 10
2 3 4 6 10
4 6 8 9 10
3 4 6 7 10
2 6 10
sonnet
1 2 4 6 7 10
1 4 6 8 10
1 4 7 9 11
4 8 10
2 6 8 10
4 6 10
4 7 8 10
1 6 10
1 2 4 6 8 10
3 4 10
2 4 6 10
4 6 8 10
2 4 5 10
2 6 10
sonnet
2 4 8 10
1 4 8 10
1 4 8 10
3 6 10
1 4 10
1 4 6 8 10
3 6 9 10
3 6 10
3 4 6 10
1 3 6 10
2 4 6 10
1 6 10
2 4 10
1 4 8 10
sonnet
2 4 6 10
4 6 8 10
3 4 6 10
2 5 6 10
2 6 10
3 6 8 10
2 4 6 8 10
4 6 10
3 6 8 10
3 6 7 10
2 4 6 7 10
1 4 6 9 10
2 4 6 10
4 8 10
sonnet
sonnet
2 6 7 10
1 4 6 10
4 5 6 7 10
1 5 6 10
2 4 8 10
2 4 8 10
2 6 8 10
2 4 8 10
2 5 6 8 10
1 4 6 10
2 6 10
2 6 8 10
2 4 6 8 10
3 6 8 10
sonnet
2 6 8 10
2 6 8 10
4 6 7 8 10
2 6 8 10
2 4 8 10
1 6 8 10
3 6 8 10
4 6 10
2 4 6 8 10
3 6 10
4 6 10
4 7 8 10
2 4 6 8 10
2 6 10
sonnet
2 6 8 10
2 6 8 10
4 6 7 8 10
2 6 8 10
2 4 8 10
1 6 8 10
3 6 8 10
4 6 10
2 4 6 8 10
3 6 10
4 6 10
4 7 8 10
2 4 6 8 10
2 6 10
sonnet
2 4 6 8 10
2 4 10
4 7 8 10
1 4 6 8 10
3 6 8 10
1 4 8 10
1 4 6 10
3 4 6 10
4 6 10
1 3 6 8 10
1 6 10
2 4 8 10
1 4 10
2 6 8 10
3 6 7 10
3 6 10
2 4 8 10
1 3 6 10
2 6 10
2 5 8
3 6 10
1 4 8 10
4 8 10
2 6 10
2 4 5 8 10
2 6 10
2 6 10
1 4 8 9 10
2 4 8 10
6 8 10
2 4 8 10
4 6 10
3 6 10
1 3 4 8 10
6 8 10
1 6 10
2 6 10
1 6 8 10
2 4 7 8 10
2 5 7 9
1 6 8 10
1 4 6 8 10
3 5 6 8 10
4 8 10
2 4 6 10
2 3 5 9
3 6 8 10
3 6 10
1 6 8 10
1 3 6 8 10
1 5 9
2 5 9
2 6 10
3 10
1 2 6 7 8 10
2 4 6 10
4 10
1 3 6 8 9
6 8 10
1 2 4 6 8 10
2 4 6 8 10
3 6 7 9
1 4 6 10
2 4 8 9
2 4 5 8 10
2 4 6 9
2 6 10
3 6 10
2 6 10
3 6 10
2 4 6 10
1 4 6 10
3 5 9
1 4 8 10
2 6 8 10
1 2 4 6 7 10
2 4 6 9 10
2 4 6 8 10
4 6 7 10
3 5 9
4 6 8 10
3 6 10
1 4 6 10
3 4 6 10
4 6 10

2 4 6 8 10
2 4 6 8 10
2 6 10
2 6 8 10
2 4 6 7 10
1 2 6 10
1 2 6 7 9 11
2 6 10
2 6 10
2 6 10
1 2 3 6 8 10
1 4 6 10
2 3 6 8 10
2 6 10
sonnet
2 4 6 8 10
2 4 6 8 10
2 6 10
2 6 8 10
2 4 6 7 10
1 2 6 10
1 2 6 7 9 11
2 6 10
2 6 10
2 6 10
1 2 3 6 8 10
1 4 6 10
2 3 6 8 10
2 6 10
sonnet
2 4 6 8 10
2 4 6 8 10
2 6 10
2 6 8 10
2 4 6 7 10
1 2 6 10
1 2 6 7 9 11
2 6 10
2 6 10
2 6 10
1 2 3 6 8 10
1 4 6 10
2 3 6 8 10
2 6 10
sonnet
4 6 10
4 6 9
4 6 8 10
6 10
4 6 7 10
2 6 10
3 6
2 6 10
2 6
3 6 10
2 5
2 6 10
4 8 10

4 8 10
2 4 6 10
2 6 10
2 3 6 10
1 4 8 10
4 6 7 10
2 3 6
4 10
3 6
1 3 6 7 10
2 4 6
3 6 8 9 10
1 4 6 8 10

2 3 6 10
2 6 10
6 8 10
6 8 10
6 8 9 10
2 4 6 10
4 6
1 2 6 10
1 2 4 6
4 6 8
1 2 3 5
2 6 10
2 4 6 10

2 6 10
2 6 10
2 3 6 8 10
1 4 6 10
2 4 6 10
3 6 8 10
1 3 4 6
1 3 6 10
2 3 6
1 5 9
2 6
3 4 6 9 10
2 6 10

2 3 6
2 5 6 8 10
1 6
2 6 10
1 2 6
1 2 5 6 10
3 5 7 8

6 7 8 10
3 4 6 10
5 6 8 10
4 5 8 10
3 4 6 10
1 3 6 8 10
2 4 8 10
4 6 8 10
1 3 4 6 10
4 6 10
1 4 8 10
4 6 10
4 6 8 10
2 6 10
sonnet
6 7 10
1 4 6 10
4 5 6 10
1 2 5 6 9 10
1 4 6 10
2 5 8 10
2 6 8 10
1 3 5 9
1 2 6 7 10
2 6 10
2 4 6 8 9 10
6 10
1 4 6 10
2 6 9
sonnet
2 6 8 10
3 6 10
4 6 10
2 6 10
4 8 10
2 4 8 10
2 4 6 10
2 6 10
2 3 6 10
1 4 6 10
1 4 6 10
2 4 6 7 10
2 6 10
6 7 8 10

1 4 6 8 10
1 4 6 8 10
1 3 6 10
2 6 8 10
2 4 8 10
1 3 6 9
2 5 6 9
3 6 8 10
1 4 6 10
1 3 6 8 10
1 4 7 8 10
4 6 10
2 4 6 10
3 6 10


2 6 10
1 4 6 10
2 6 10
1 4 6 8 10
1 4 8 10
3 6 8 10
2 4 6 10
2 6 8 10
2 4 6 10
3 4 6 8 10
2 6 7 10
2 4 6 10
1 3 6 10
2 6 10
sonnet
sonnet
2 4 7
1 4 7
3 4 7
3 7
3 7
1 3 7
1 3 4 7
1 2 4 7
copla_castellana
1 2 6 10
3 6 10
1 4 6 8 10
1 5 10
1 4 6 10
2 4 8 10
2 6 10
4 6 8 10
1 2 6 7 10
2 3 4 6 8 10
2 6 8 10
1 4 5 6 10
2 4 6 10
2 5 6 8 10
sonnet
sonnet
1 3 5 7
2 7
4 7
4 7
2 4 7
3 7
2 7
1 3 5 7
2 7
4 7

1 5 7 9
3 6 10
2 4 6 10
2 6 10
4 6 7 9
2 3 6 10
2 4 6 10
2 5 7 9
octava
1 4 7
3 5 7
5 7
2 4 6
1 3 5 6
3 5 7
3 5 7
3 7
4 7
2 5 6
4 7
1 4 7

2 5 7 9
1 2 3 6 8 10
2 6 9 11
4 6 9 12
3 6 8 10
2 4 9 10 11
2 6 9 11
2 5 6 9
2 3 6 8 10
2 3 5 9
3 5 8 10
1 5 9 11
3 5 7 9
2 4 6 10


2 6 10
1 4 6 10
2 4 7 10
3 6 8 10
2 4 6 10
2 6 10
2 6 10
2 6 10
2 6 10
2 4 5 10
2 6 8 10
4 6 8 10
2 4 6 10
2 6 10
sonnet
sonnet
