4 7
2 4 7
4 7
2 5 7
cantar
2 4 7
3 5 7
3 5 7
2 5 7
2 5 7
5 7
2 7
3 5 7
octava
1 5
3 5
3 5
1 3 5
2 5
5
3 5
1 5
2 3 5
1 5
1 3 5
2 3 5
2 5
2 5
2 5
3 5
2 3 5
2 4 5
2 5
3 5
3 6 8
1 2 5 6 7
1 5
2 5
2 3 5
3 5
3 5
3 4 5
3 6 8
1 2 5 6 7

2 5
2 5
2 5
1 3 5
2 5
2 5
1 3 5
3 5
2 4 5
2 5
2 3 5
2 5
4 5
3 5

3 7
2 4 7
2 5 7

1 3 5 7
2 5 7
3 4 7
3 7
2 7
2 4 7
2 5 7
septilla
3 5 6

1 4 8 10
2 6 8 10
1 4 6 10
3 6 10
3 6 10
2 4 8 10
terceto_encadenado
1 3 6 8
3 4 7
1 2 3 5
3 5
5
3 5
3 5
2 4 5
1 3 6 8
3 4 7


1 3 6 9
3 5
1 3 7

2 5

1 3 5 7

2 5

2 5 7

2 5

3 5 7
1 3 4 5 7
1 3 6 9
3 5

3 8
2 5 7 10
1 4 7
1 3 7
1 3 4 7
2 4 7
2 5 7 10
1 2 5 7
3 4 7
4 7
2 5 7
2 5 7 10

1 5
2 5
3 5
2 5
1 5
2 5
3 5
2 5
1 5
2 5
3 5
3 5
1 5
3 5
3 5
3 5

3 7
1 3 7
3 5 7
2 5 7
romance
2 5
3 5
2 5
3 5
1 2 5
3 5
3 5
3 5
1 5
3 5
3 5
1 3 5
2 5
2 5
5
3 5

3 7
1 3 7
3 5 7
2 5 7
romance
1 3 6 9
3 5
2 4 7
2 4 7
1 4 7
2 5 7
1 3 7
2 5 7
3 5
novena
novena
3 6 7 8
1 6 7
couplet
4 7

1 5 6

2 4 7

1 5 6

2 4 7

1 5 6
3 6 7 8
1 5 6

4 7

1 5 6

2 4 6

1 5 6

2 4 7

1 5 6
3 6 7 8
1 5 6

1 5
1 4 5
3 5
2 5
2 5
3 5
2 5
1 4
2 5
5
2 5
2 5
3 5
1 5
3 5
2 5
2 5
1 5
3 5
2 5
2 5
2 4
2 5
1 5
2 5
2 5
3 6 8
3 4 7
2 5
1 3 5
1 4
1 5
2 5
2 5
3 6 8
3 4 7
2 3 5
2 4 5
2 5
1 5
4 5
2 5
2 3 5
3 5

1 3 5
3 5
1 3 5 6 8
1 4 5 6
1 5 7
2 3 5 7
1 3 7
2 7
1 4 7
1 3 5 6 8

1 6 8 10
6 8 9
2 4 6 10
2 4 8 10
1 2 6 8 10
2 4 8 10
1 4 6
3 6
3 6
2 6
2 6 10
6 8 10
6 7 10

2 4 6 9 10
2 4 6 9
2 4 8 10
3 6 10
3 6 8 10
4 8 10
2 6
1 4 6
5 6
2 4 6
2 4 6 10
4 8 10
4 6 8 10

1 6 10
6 8 10
2 6 9 10
1 3 6 10
1 4 6 8 9
4 6 9 10
2 6
2 6
2 5 6
3 6
2 6 10
4 6 10
3 6 7 10

1 3 6 8 10
1 2 6 8 10
1 4 8 10
2 5 6 7 10
2 4 6 10
2 4 8 10
3 6
6
2 6
3 6
2 6 10
2 6 8 9 10
4 8 10

2 4 6 7 10
2 6 10
4 8 9
1 3 4 6 10
2 4 8 10
2 6 8 10
3 6
3 5 6
4 6
3 6
2 6 10
2 4 8 10
2 6 10

2 4 6 10
1 5 9
2 4 6 10
2 4 6 10
1 4 6 10
2 4 8 10
1 4 6
1 2 5 6
4 6
2 3 6
3 6 10
4 8 10
4 6 8 10

2 5 6 10
2 4 8 10
3 6 10
1 6 10
2 6 10
2 6 10
6
2 4 6
2 4 6
4 6
4 8 10
2 4 8 10
4 8 10

2 4 6 9 10
3 6 8 10
4 8 10
2 6 10
3 6 8 10
2 3 4 8 10
4 6
4 6
1 2 4 5 6
3 5
2 6 8 10
2 3 6 8 10
2 4 6 8 10

4 6 10
3 6 10
3 5 9
1 4 6 8 10
2 4 6 8 10
3 6 8 10
1 2 4 6
4 6
2 4 6
4 6
2 4 6 8 10
2 4 6 10
4 8 10

1 4 8 10
2 6 10
3 6 10
1 3 6 10
3 6 8 10
4 6 10
4 6
2 4 6
2 4 6
2 6
4 8 10
2 4 8 10
2 4 8 10

2 4 6 10
1 4 8 10
2 6 10
4 6 10
2 4 8 10
1 3 6 10
6
1 4 6
2 4 6
3 6
4 6 8 10
2 6 8 10
1 4 8 10

1 4 6 8 10
3 5 6 10
2 4 8 10
2 4 6 10
2 4 6 8 10
2 4 8 10
2 6
3 6
3 6
2 6
4 8 10
4 6 8 10
2 6 10

1 6 9 10
1 4 6 8 10
3 6 10
1 2 4 8 10
4 8 10
4 8 10
2 6
3 4 6
3 6
4 6
4 8 10
2 6 9 10
3 6 10

4 8 10
4 6 10
2 3 4 8 10
1 3 7 9
2 4 6 8 10
4 6 10
6
2 4 6
3 6
1 6
4 8 10
4 8 10
2 4 8 10

1 2 5 6 9 10
4 6 10
3 6 10
1 4 6 8 10
4 6 9 10
3 6 10
2 4 6
2 3 6
2 3 6
2 5 6
4 6 9 10
1 4 6 8 10
2 4 8 9 10

4 7
3 5 7
2 4 7
3 7
3 4 7
2 4 7
3 7
1 5 7
2 3 6
1 2 5 7
1 3 5 7
2 7
2 4
2 6
2 6 10
2 5
2 4 6
1 3 5
1 2 3
4 6 7
1 3 5 7
2 3 5 7

1 4 5
2 5
2 5
1 3 5
2 5
1 5
2 5
5
1 3 5 7
2 3 5 7
2 4

2 6
2 6 10
2 5
2 4 6
1 3 5
1 2 3
4 6 7
1 3 5 7
2 3 5 7
novena
4 8 10
2 6 10
2 6 8 10
2 4 8 10
2 4 6 10
4 8 10
4 8 10
2 4 6 10
1 4 6 8 10
2 4 8 10
3 6 8 10
6 8 10
3 6 7 10
1 2 4 8 10
sonnet
4 6
1 2 4 6
2 6 10
2 6
3 5 6
3 6 8 10
1 3 5
2 4 6
2 6
1 2 6
4 6 8 10
4 6
1 2 4 6 8 10

1 4 6
2 4 6
4 6 10
4 6
4 6
1 3 6 10
6
3 5
1 2 4 6
6
3 6 10
2 6
1 4 7 9

1 2 3 5
4 6
3 6 8 10
4 6
4 6
2 4 6 10
4 6
2 3 6
2 4 6
3 6
2 4 8 10
2 6
1 3 5 7 9

1 3 6
2 6
2 6 8 10
1 5
2 6
2 4 8 10
2 4 6
2 6
3 6
2 4 6
2 5 7 11
2 6
2 3 6 10

1 4 6
1 4 6
1 4 7 9
2 6
2 6
1 4 6 10
1 4 6
3 6
1 4 6
2 3 6 10
1 2 4 6
3 6
2 4 8 10

1 2 4 6
3 6
2 4 8 10
2 6
4 6
1 3 6 7 10
2 6
2 4 6
2 4 6
3 5 6
2 6 10
2 4 6
3 6 10

2 6
4 6
1 4 8 10
2 6
4 6
3 6 10
2 4 6
4 6
4 6
4 6
4 6 10
2 6
2 4 7 9

2 4 6
1 2 6
1 2 4 6 10
2 4 6
2 3 6
2 6 10
4 6
4 6
2 4 6
2 6
3 6 10
2 6
4 6 8 10

1 2 6 7 8 10
2 4 6
2 6 8 9 10
4 6 8 10

2 4 6
4 6 10
4 6
2 4 8 10
2 4 6
2 4 6 10
sexteto_lira
1 3 5
2 4 6 10
2 6
2 6 10
2 6
2 4 8 10

2 4 6
2 4 8 10
2 6
2 4 6 10
4 6
2 4 5 9
sexteto_lira
2 4 6
3 6 10
3 6
2 4 6 10
2 4 6
1 4 6 8 10
sexteto_lira
2 6
2 4 8 10
2 4 6
2 4 8 10
4 6
2 6 10
sexteto_lira
1 4 6
2 4 6 8 10
1 3 6
2 4 6 9
2 4 6
1 2 4 8 10
sexteto_lira
4 6
1 4 6
2 4 8 10
1 2 4 6
3 6
2 4 8 10
2 4 6
3 6
3 6
1 2 4 6
2 4 8 10
2 3 6
1 4 6 7 8 10

6
2 4 6
2 4 8 10
2 4 6
4 6
2 4 8 10
2 4 6
2 6
4 6
2 4 6
4 8 10
2 4 6
1 2 6 8 10

1 4 6
1 4 6
1 4 8 10
2 6
2 3 6
2 4 6 10
4 6
4 6
2 4 6
1 3 6
2 4 8 10
3 6
1 4 6 8 10

4 6
3 6
2 6 8 10
1 6
2 4 6
2 4 6 10
4 6
1 4 6
2 4 6
2 3 4 6
2 4 8 10
2 4 6
4 6 10

4 6
4 6
2 4 8 10
2 6
4 6
4 6 10
2 4 6
2 6
4 6
4 6
3 6 10
4 6
4 6 10

2 4 6
4 6
2 4 6 10
4 6
3 6
1 4 8 10
2 6
1 4 6
2 4 6
4 6
2 6 10
4 6
2 6 8 10

1 3 6
2 6
4 6 8 10
1 3 6
2 6
1 4 6 10
sexteto_lira
4 6
2 4 6
2 3 6
3 4 6
3 6 7 9
1 4 6
2 4 8 10

2 6
3 6
2 4 7 9
1 4 6
4 6
2 4 8 10
1 3 6
4 6
2 4 6
2 4 6
3 6 10
2 3 6
2 4 6 10

2 6
2 6
2 5 9
3 6
3 6
2 4 8 10
1 4 6
1 6
1 2 5 6
2 4 6
1 2 4 6 10
2 5
1 4 8 10

1 2 4 6
1 4 6 9
2 3 6
4 6 10
2 4 6
3 5 7 9
sexteto_lira
5 6
2 6 10
1 4 6
4 6 10
2 6
2 6 10
sexteto_lira
1 3 6
2 4 8 10
1 3 6
2 6 8 10
3 6
6 8 10
sexteto_lira
1 4 6
2 6 10
3 6
3 6 10
1 4 6
4 6 8 10
sexteto_lira
1 4 6
1 4 8 10
2 5 6
1 4 6 8 10
3 6
1 2 4 8 10
sexteto_lira
1 4 6
1 6 10
2 4 6
2 6 8 9
2 4 6
4 6 9 10
sexteto_lira
2 4 6
2 6 10
4 6
2 4 5 9
2 4 6
2 4 6 8 10
sexteto_lira
4 6
2 6 10
2 4 6
3 6 10
2 4 6
3 4 6 7 9
sexteto_lira
4 6
2 6 8 10
3 5
4 6 7 8 10
2 4 6
3 6 8 9 10
sexteto_lira
2 4 6
1 4 8 10
4 5 6
2 6 10
4 6
2 6 8 10
sexteto_lira
2 6
2 5 9
6
2 6 10
1 4 6
4 6 10

2 3 6
1 4 6 10
2 6
2 4 6 8 10
2 6
2 6 7 10
sexteto_lira
4 6
1 4 6 10
4 6
1 3 6 10
2 4 6
2 4 8 10
sexteto_lira
4 6
1 6 10
2 4 6
3 5 9
2 4 6
1 3 6 7 10
sexteto_lira
4 6
1 4 6 10
2 6
3 6 7 10
2 6
1 4 8 10
sexteto_lira
3 6
4 6 10
4 6
2 4 6 10
6
2 4 8 10
sexteto_lira
1 2 4 6
2 6 10
3 6
1 6 10
3 6
1 4 6 10
sexteto_lira
3 5 7
3 7
1 4 7
4 7
2 5 7
2 5 7
3 7
2 5 7
1 3 7
3 5 7
4 7
3 7
2 7
1 4 7
2 7
5 7
2 4 7
1 4 7
3 7
2 7
2 5 7
3 4 5 7
5 7
3 5 7
1 4 7
1 2 4 7
3 5 7
1 3 4 6
1 4 6 10
4 6 8 10
2 5 7
4 7
2 7
1 3 7
3 7
1 3 7
4 6
2 4 7
1 4 7
3 5 7
1 3 7
4 7
1 4 6
1 2 5 7
3 7
4 7
2 4 7
3 6
2 7
2 3 6
2 6 8 10
4 8 10
3 5 7
3 7
3 7
1 5 7
1 4 5 7
3 5 6
3 7
2 4 7
3 7
1 4 7
4 7
4 7
3 4 7
1 5 7
2 4 7
2 4 7
3 5 7
2 3 6 7
2 5 7
2 4 7
3 7
1 3 6 7
3 7
2 5 7
3 6 10
1 2 6 7 9 10
5 6 7
2 7
2 3 5 7
2 4 7
4 7
1 2 5 7
1 4 6
3 7
2 7
1 5 7
3 6 7
2 7
3 7
2 7
4 7
3 7
4 5 7
4 7
3 5 7
3 5 7
2 7
2 3 5 7
2 7
4 7
2 4 7
1 3 7
2 3 4 6
4 7
2 5 7
2 5 7
2 6 8
2 3 6 7
2 7
1 4 7
5 7
4 7
2 5 7
3 7
1 4 7
1 4 7
4 8 10
2 4 6 10
2 4 7
3 7
4 7
3 7
3 5 7
3 7
2 5 7
3 7
2 4 7
1 3 5 7
2 7
3 5 7
3 5 7
1 3 4 6
2 6 7
4 7
2 4 7
3 5 7
1 3 7
2 5 7
2 4 7
4 7
2 4 7
2 7
1 4 7
2 4 7
2 5 7
1 3 7
2 6 10
2 4 8 10
2 5 7
4 7
3 7
3 7
4 7
2 7
2 5 7
2 6
2 4 7
5 7
4 7
3 7
2 5 7
2 3 5 7
3 4 7
2 4 7
2 4 7
2 4 7
3 4 7
2 7
2 5 7
4 5 7
2 7
3 5 7
1 4 7
1 3 5 7
3 4 6
2 4 7
4 8 10
1 4 8 10
4 7
3 5 7
1 4 7
2 5 7
2 4 7
4 7
4 7
1 5 7
2 4 7
4 5 7
3 7
1 5 7
2 4 7
3 5 7
2 7
1 3 5 7
3 5 7
3 6
3 4 7
2 7
2 7
2 3 7
5 7
2 5 7
1 3 7
2 4 7
1 4 7
2 4 7
4 6 8 10
3 6 10

2 6
4 6
2 4 6 10
4 6
2 6
2 6 10
2 6
2 4 6
1 3 5 9
novena
2 4 6
4 6
2 6 10
2 4 6
1 2 6
2 6 10
2 3 5
4 6
2 4 8 10
novena
4 6
2 4 6
3 6 10
4 6
2 6
1 4 8 10
2 4 6
2 4 6
2 4 6 10
novena
1 4 6
4 6
2 4 6 10
4 6
2 4 6
2 4 6 10
1 2 6
2 6
2 4 7 9
novena
1 6
2 4 6
2 4 8 10
2 6
2 4 6
2 4 6 8 10
2 5 6
2 6
2 4 6 10
novena
2 6 10
1 4 8 10
2 4 6 10
4 6 10
1 2 4 8 10
4 8 10
2 4 6 8 10
1 4 8 10
2 4 8 10
1 4 6 7 10
1 4 8 10
2 4 8 10
1 6 10
3 6 10
sonnet
2 6 7 10
4 5 6 10
2 6 8 10
3 4 6 8 10
2 6 10
4 6 10
2 6 8 10
2 4 6 10
1 4 8 10
2 6 7 10
4 6 8 10
2 4 6 8 10
4 6 10
1 3 4 6 8 10
sonnet
1 3 6 10
1 4 8 10
1 2 6 10
2 4 8 10
1 4 6 10
1 4 7 10
1 4 6 8 10
2 4 8 10
1 3 6 7 10
2 6 10
2 4 8 10
1 3 6 8 10
4 8 9 10
4 8 10
sonnet
2 6 8 10
4 8 10
3 6 8 10
4 6 10
2 4 6 10
1 4 8 10
2 6 10
2 6 10
2 4 6 10
6 7 10
4 6 7 10
2 6 8 10
4 6 7 10
1 4 6 7 10
sonnet
5 7
5 7
5 7
2 7
1 2 3 4 7
3 7
4 6 7
1 2 5 6 7
1 2 3 5 7
2 7
1 2 5 6 7
2 4 7
2 7
2 4 6 7
1 4 6 7
1 4 7
4 7
1 3 7
3 4 7
4 6 7
1 3 5 7
4 7
3 7
1 2 5 7
4 7
3 5 7
3 7
3 7
2 7
1 3 5 7
2 5 7
1 5 7
1 3 5 6 7
1 2 4 7
2 7
5 6 7
1 3 7
4 7
4 5 7
1 3 5 7
1 2 5 7
3 7
2 4 7
2 5 7
2 4 6
1 3 7
1 4 7
1 4 7
2 5 7
2 5 7
1 4 7
4 6 7
2 4 7
2 7
3 7
4 7
2 3 5 7
1 4 7
1 3 7
3 7
1 3 5 7
2 7
2 4 7
2 4 7
1 3 7
2 4 7
4 7
3 7
2 7
4 6
3 7
1 3 7
2 7
3 7
2 5 7
2 4 7
1 2 4 7
4 7
3 4 7
3 4 7
1 4 7
2 4 7
3 5 7
1 3 5 7
2 4 7
3 7
2 4 7
2 4 7
2 3 7
3 5 7
5 7
3 7
1 2 6
1 3 7
1 3 6 7
1 2 5 7
2 7
2 4 7
3 7
1 4 7
2 3 6 7
1 5 6
1 4 7
4 7
4 7
3 7
1 5 7
3 5 7
2 4 7
4 7
5 7
5 7

2 4 5 7
3 7
3 4 7
2 5 7
3 7
2 4 5 7
3 5 7
2 7
2 4 5 7
4 6
3 4 7
2 3 7
3 7
2 4 7
3 7
2 5 7
2 7
3 7
3 7
3 7
3 5 7
3 5 7
2 4 5 7
3 7
1 2 3 6
3 7
2 7
5 7
2 4 7
2 5 7
2 5 7
1 4 7
3 7
3 5 7
4 7
1 3 7
3 7
2 7
2 4 7
2 5 7
1 3 6
1 2 5 7
2 4 7
1 2 5 7
2 4 7
2 4 7
1 4 5 7
2 4 6
2 5 7
1 5 7
3 7
2 7
2 5 7
4 6
4 7
3 5 7

2 7
1 4 7 9
2 3 4 7
3 4 7

2 4 7
2 4 7
1 4 7
2 5 7
1 4 7
3 7
4 7
1 4 7
2
2 4 7
3 7
3 7
2 4 7
1 4 7
2 7
7
1 5 7
2
2 7
3 5 7
2 5 7
2 4 7
1 2 3 5 7
5 7
2 5 7
4 7
2 7
1 4 7 9
2 3 4 7
3 4 7

2 3 4 7
3 4 7
4 7
3 7
2 5 7
4 7
1 2 4 7
4 7
1 4 7
3 7
2 4 7
2 5 7
2 5 7
2 5 7
4 6 7
1 4 7
1 2 4 7
2 7
3 5 7
1 4 7
2 5 7
2 6
1 3 6 7
3 7
3 5 7
2 5 7
1 2 4 7
1 3 5 7
2 4 7
4 7
2 5 7
2 4 7
2 4 5 7
4 7
2 5 6 7
2 4 7
1 4 7
2 4 7
4 7
4 7
3 4 7
2 4 7
1 3 5 7
4 7
1 2 5 7
1 4 7
4 7
1 4 7
2 3 7
1 2 4 7
4 7
2 5 7
1 2 4 7
2 5 7
4 7
1 4 7
1 3 7
2 3 7
3 4 7
3 5 7
1 3 7
1 2 5 7
4 7
1 4 7

4 6
4 6
4 6
2 6
2 6
1 4 6
4 6
4 6
2 6
1 2 6
4 6
2 6
1 4 6
2 4 6
2 4 6
2 4 6
4 6
2 6
3 4 6
2 6
4 6
2 4 6
4 6
2 4 6
1 3 6
2 4 6
2 6
4 6
2 4 6
2 6
2 6
2 6
1 4 6
2 4 6
3 6
2 6
1 2 4 6
4 6
2 6
4 6
2 6
3 6
4 6
2 4 6
4 6
1 4 6
2 6
4 6
2 6
3 6
2 6
4 6
1 2 6
2 6
1 4 6
4 6
1 3 6
4 6
2 6
2 6
1 4 6
4 6
3 5
2 6
2 6
2 6
2 4 6
4 6
2 6
3 6
2 6
2 6
2 6
3 6
2 6
2 4 6
2 6
2 6
3 6
4 6
4 6
4 6
2 6
4 5 6
4 6
2 6
4 6
4 6
2 4 6
4 6
2 6
2 7
4 6
2 6
4 6
1 2 6
2 3 5 6
4 6
4 6
4 6
2 4 6
4 6
2 6
2 4 6
2 3 6
4 6
2 4 6
2 4 6
3 6
2 5
2 6
2 6
2 6
2 6
4 6
2 6
1 2 5 6
1 2 4 6
3 6
2 4 6
2 6
1 4 6
1 6
2 3 5
4 6
2 5
2 6
2 6
2 6
1 4 6
2 4 6
2 5 6
2 5 6
2 6
4 6
4 6
2 6
2 3 5
1 3 6
2 6
3 6
1 2 6
4 5 6
2 6
4 6
3 5
4 6
2 4 6
4 6
2 4 6
3 6
2 6
2 6
3 4 6
2 3 5
2 6
2 6
2 6
2 4 6
2 3 6
4 6
1 2 6
1 2 6
1 2 6
1 2 6
2 6
4 6
2 6
2 4 6
2 6
2 6
4 6
2 4 6
4 6
4 6
1 4 6
2 4 6
2 6
1 4 6
4 6
2 6
2 4 6
4 6
2 4 6
4 6
2 6
2 6
4 6
2 6
3 6
2 4 6
2 4 6
2 4 6
4 6
2 5
2 6
2 3 6
2 4 6
4 6
2 4 6
2 6
4 6
2 6
2 4 6
4 6
1 3 6
2 6
2 5 6
1 5
2 4 6
2 4 6
2 6
2 6
2 6
1 2 6
2 6
2 3 6
2 4 6
4 6
2 6
4 5
4 6
2 4 6
6
2 6
4 6
4 5
1 2 5 6
2 6
4 6
4 6
4 6
2 4 6
2 4 6
2 6
4 6
2 4 6
2 4 6
4 6
4 6
2 4 6
2 6
2 5
2 6
4 6
4 6
2 4 6
2 6
1 4 6
2 4 6
2 4 6
4 6
4 6
2 6
1 2 6
2 6
2 4 6
2 6
2 6
2 6
4 6
4 6
4 6
2 6
2 6
1 4 5 6
2 5
2 4 6
2 3 4 6
2 6
4 6
2 6

1 4 6
4 6
2 6
4 6
2 4 6
2 4 6
2 4 5
4 6
4 6
2 6
4 6
2 4 6
2 6
2 6
2 6
2 6
2 6
2 6
4 6
2 6
6
2 4 6
1 4 6
2 6
2 6
4 6
1 4 5 6
4 5 6
2 3 6
1 4 6
4 6
4 6
2 4 6
4 6
2 6
2 6
1 2 6
4 6
2 4 6
2 6
4 6
1 2 6
2 6
2 6
1 4 6
1 3 6
4 6
2 6
1 2 6
1 2 6
2 4 6
4 6
2 3 6
2 4 6
2 6
2 4 6
2 4 6
1 2 4 6
4 6
2 6
4 6
1 2 4 6
2 6
4 6
1 2 6
1 3 6
2 6
2 4 6
2 6
1 3 6
2 3 5
2 4 6
1 2 5 6
4 6
2 6
4 6
2 4 6
4 6
2 6
4 6
1 2 6
4 6
4 6
2 4 6
1 4 6
4 6
2 4 6
2 4 6
2 6
3 6
2 6
3 5 6
4 6
3 6
1 2 6
1 4 6
2 4 6
2 4 6
2 3 6
2 6
2 6
1 4 6
2 6
4 6
2 6
2 6
4 6
2 5
2 6
2 6
2 5 6
4 5 6
4 6
2 4 6
2 6
2 4 6
2 6
2 4 6
4 6
1 2 4 6
2 4 6
2 3 6
3 6
1 4 6
4 6
4 5 6
2 4 6
2 4 6

3 6
4 7
1 3 7
2 5 7
2 5 8
2 7
2 7
1 3 5 7
1 3 5 7
2 4 7
5 7
2 4 7
2 3 7
2 3 7
1 2 4 7
5 7
2 4 6
2 5 7
1 2 4 7
3 7
3 7
2 4 7
4 7
2 5 7
1 4 7
3 5 7
2 5 7
4 7
2 7
3 7
1 4 7
2 5 7
1 2 7
5 7
1 4 7
2 4 7
1 3 5 7
4 7
2 4 7
3 7
1 2 4 5 7
1 2 4 5 7
2 7
2 5 7
1 4 7
1 4 7
3 7
1 4 7
1 3 5
3 5
2 5
2 5
2 5
1 2 5
1 4
1 5
3 5
3 5
2 3 5
2 5
1 3 5
3 5
2 5
2 5

1 3 6 8 10
3 5 6 8 10
2 4 6 8 10
1 4 6 8 10
1 3 5 6 10
2 5 7 10
4 8 10
1 2 6 10
4 6 8 10
3 6 8 10
2 4 6 9 10
1 2 5 10
2 4 6 10
2 4 6 9 10
sonnet
2 3 6 8 10
2 6 10
1 2 3 6 10
1 6 8 10
1 2 6 10
2 4 6 8 10
2 4 8 10
2 4 8 10
2 4 6 8 10
4 6 10
1 3 4 8 10
2 4 6 10
3 6 9 10
2 3 6 10
sonnet
5
3 5
3 5
2 5
3 5
1 5
2 4
3 5
1 5
3 5
5
1 2 5
3 5
1 4
3 4 5
3 5
1 5
2 5
5
3 5
3 5
2 5

1 5
2 5
2 4 5
2 5
2 5
1 5
2 5
3 5
3 5
2 5
3 5
3 5
3 5
2 5
5

3 6
2 4
3 6
2 4
2 5
2 4
3 5
2 5
2 5
2 3 4
3 6
2 4

2 4 7
3 4 7
2 4 6
2 5 7
2 4
1 4 6 8 9
2 6
3 7
2 4 7
4 7
2 4
1 4 6 8 9

2 4 7
3 4 7
1 4 5 6
2 5 7
2 5 7
3 4 7
3 7
3 7
3 5 7
1 4 7
3 6 7
5 7
3 6
2 4
3 6
2 4
1 3 6
2 3 4
1 3 6
2 4

3 6 9
3 8
3 8
3 6 7

1 3 7
3 7
4 7
2 5 7
3 7
3 7
3 4 7
1 4 5 7
3 8
3 6 7

3 6 9
3 8
3 8
3 6 7

1 3 7
2 5 7
3 5 7
4 6
1 4 7
3 7
3 7
4 7
2 5
1 3
2 3 5
2 4

1 2 4 7
1 4 5 7
1 2 4
7
1 2 4 7
1 2 4
3 7
1 2 4 7
1 2 4
3 4 7
2 3 6
1 2 4
2 3 5 7
2 5 7
1 2 4
3 4 7
2 5 7
1 2 4
2 3 4 6
1 3 5 7
1 2 4
4 6 7
4 7
1 2 4
2 3 4 7
3 7
1 2 4
3 5 7
3 7
1 2 4

3 7
2 5 7
1 3 7
4 7
3 7
4 6 7
2 4 7
2 4 7
2 5 7
1 3 7

3 6
4
3 6
1 4
seguidilla
2 5 7

3 6
1 4
3 6
1 4
seguidilla
2 3 6
2 3 4
3 6
2 4
seguidilla
3 6
1 4
1 6
2 4
seguidilla
3 6
2 4
3 6
1 4
seguidilla
3 6
2 4
2 3 6
4
seguidilla
5
2 4
3 6
4
seguidilla
1 5
2 4
1 3 5
4
1 3 5
1 4
3 6
2 3
3 4
4
2 5
2 4
1 5
2 4
1 3 5 6
1 4
3 6
1 3
1 3 4 6
2 4
1 3 5
4
3 5 6
1 2 4


5
2 4
1 6
2 4
5
3 4
1 5
4
1 4
2 4
5
2 3 4
1 5
2 4
3 5
1 4
2 5
2 4
1 6
2 4

1 3 5
3 5
2 3 5
2 5
2 5
1 5
1 5
2 5
2 5
2 5
4 5
3 5
2 5
2 5
1 6
2 4


2 5 7
1 5 7
3 7
3 5 7
4 7
1 5 7
1 4 5 7
1 5 6 7
2 5 7
2 5 7
3 7
1 4 7
romance
1 5
1 3 6
couplet
2 4 7
1 3 7
2 7
2 5 7
2 3 5 6 7
4 7
3 7
3 5 7
octava
1 3 6
2 3 5 9
couplet
2 3 7
2 4 7
1 3 5 7
2 4 7
cantar
1 5
4
2 3 4
2 4
seguidilla
2 7
1 3 7
2 4 7
3 7
2 7
2 4 7
2 3 7
3 7
octava
1 4 5 9
3 4 6 10 11
couplet
1 3 6
2 4
3 6
4
1 3 5
2 4
2 5
2 4
2 5
2 4
3 6
4
3 5
2 5
1 3 5
2 5
1 2 3 5
2 4
3 6
4

2 4 5
2 4
5
2 4
2 5
2 4
3 6
4
octava
1 3 5
1 4
3 5
1 2 5
1 3 5
2 4
1 4
4
1 2 4
2 4
3 5
2 4
3 5
1 2 5
2 5
2 4
5
1 2 4
1 2 5
2 4
5
2 4
3 5
1 2 5

1 6
2 4 7 9 11
4 6
4 6 10
4 6
2 4 6 10

2 5 6
3 6 8 10
4 6
1 4 8 10
4 6
4 6 8 10
sexteto_lira
2 6
3 6 10
2 6
2 6 10
2 4 6
3 6 8 10
sexteto_lira
1 2 5
3 6 9 10
2 6
2 6 10
2 4 6
2 6 10
sexteto_lira
2 4 6
3 6 10
2 6
2 4 6 8 10
6
2 4 6 8 10
sexteto_lira
2 6
2 6 10
1 5
3 6 10
2 4 6
1 4 8 10
sexteto_lira
2 6
3 7 11
2 6
1 4 8 10
4 6
1 3 6 10

2 6
3 6 8 10
2 6
3 6 10
4 6
1 2 6 10
sexteto_lira
1 2 4 6
4 8 10
2 6
2 6 8 9 10
2 4 6
2 6 9 10
sexteto_lira
2 4 6
3 6 10
1 4 6
2 6 10
1 3 5 6
2 5 6 10
sexteto_lira
2 5 6
2 6 10
2 6
4 6 10
1 6
2 6 10
sexteto_lira
2 4 6
3 6 10
3 6
2 4 6 10
4 6
3 6 8 10
sexteto_lira
2 6
1 4 6 8 10
4 6
2 6 10
1 4 5
4 6 10
sexteto_lira
2 4 6
1 3 6 9 10
4 6
4 6 10
2 6
2 6 10
sexteto_lira
2 6
2 3 6 10
3 6
4 6 10
2 4 6
3 6 10
sexteto_lira
2 6
4 8 10
1 2 4 6
2 4 8 10
4 6
1 4 6 10
sexteto_lira
2 4 6
2 6 8 10
3 6
4 6 8 10
3 6
3 6 10
sexteto_lira
2 5
1 5
1 5
1 5
2 5
3 5
1 5
3 5
1 3 5
2 5
5
2 5
3 5
2 5
2 5
2 5

3 6
2 4
3 5
1 4
1 5
3 5
2 5
3 5
2 3 5
1 3 5
2 5
3 5
2 5
3 5
2 5
2 5

3 5
2 3 5
3 5
1 3 5
seguidilla
3 5

3 5
5
3 5
3 5
2 3 5
5
2 5
3 5
octava
1 2 3 4 5
3 5
1 5
3 5
2 5
2 5
5
2 5
octava
3 5

1 5
1 3 5
3 5
3 5
2 5
3 5
1 3 4
2 4
3 5
2 5
2 3 4
3 5
2 3 5
3 5
3 5
3 5

3 5

3 6
1 3
1 3 6
2 4
3 5
3 5
2 4 5
1 5
1 5
2 4
1 3 6
2 4
2 4 5
2 5
1 3 5
2 3 4
1 5
2 3
1 3 6
2 4

1 2 4
3 5
1 5
1 2 5
2 3 5
1 5
3 5
1 5
3 5
3 5
1 5
1 2 5
3 5
2 5
1 3 5
1 3 5
3 5
1 3 5
1 5
1 2 5
1 3 5
3 5
2 5
2 5
1 5
3 5
1 5
1 2 5

1 3 5 7
3 4 7
2 5 7
3 7
1 3 7
1 2 4 7
3 4 7
3 7
1 3 5 6
5 6
2 5 7
3 7
2 4 7
2 4 6
4 7
4 7
3 5 7
4 7
2 5 7
3 7
1 4 7
2 4 7
1 3 5
2 4 7
4 7
2 7
2 5 7
3 7

2 5 7
2 5 7
4 6 7
2 5 7
1 3 5 7
2 4 7
3 6 7
2 4 7
3 4 7
2 5 7
2 5 7
3 7
1 2 3 4 7
5 7
4 7
3 7
1 2 4 6 7
4 5 7
1 3 7
3 7
2 5 7
1 2 5 7
2 7
3 5 7
4 7
3 7
2 4 7
1 3 7
1 3 7
2 5 7
2 3 7
4 7
romance
3 6
1 4
3 6
2 4
seguidilla
1 5
2 5
3 5
2 4
1 3 4
2 3 4
3 6
2 4
octava
2 5
2 4
3 6
4
3 4 5 6
2 4
3 6
2 4
octava
3 5
2 4
1 2 4 5
2 4
1 5
2 4
3 6
2 4
octava
1 4 8 10
1 4 5 8 10
1 6 10
2 6 10
1 2 6 10
1 4 6 8 10
4 6 10
2 4 6 8 10
2 4 6 7 8 10
2 4 6 10
1 3 6 10
2 6 10
4 6 10
1 2 4 6 8 10
sonnet
1 3 6 8 10
2 4 8 10
2 6 8 10
2 6 10
2 6 10
2 4 6 9 10
2 3 4 6 8 9
2 6 10
2 6
2 4 6 8 9 10
6
3 6 10
4 6
3 6 10
2 6 10

1 4 8 10
2 6 8 10
2 4 8 10
1 4 8 10
1 3 6 10
2 4 8 10
2 6 10
2 6 8 10
2 4 6
4 6 9
2 6
4 6 10
4 6
1 4 6
4 8 10

4 8 10
2 4 8 10
2 4 8 10
1 4 6 10
1 6 8 10
6 10
3 6 10
2 4 8 10
2 6
1 2 4 7 8
2 4 6
2 7 9
2 4 6 8 10
4 6
2 3 6 8 10

1 3 6 8 10
2 4 8 10
3 6 10
4 6 10
1 4 8 10
6 8 10
2 6 10
2 6 10
4 6
2 6 8 10
1 2 4 6
2 6 8 10
2 4 6
2 4 6
1 4 8 10

2 4 8 10
4 6 10
4 6 10
2 6 7 10
4 6 10
2 6 10
6 10
2 4 8 10
2 4 6
4 6 10
2 6
2 4 6 8 10
1 2 4 8 10
3 6
2 4 8 10

2 4 7 9
2 6 10
2 6 7 10
4 8 10
2 6 10
2 4 6 8 10
3 6 10
4 6 8 10
2 4 6
4 8 10
3 6
3 6 9
3 6 10
2 4 6
3 4 8 10

1 2 6 8 10
1 2 4 6 10
4 6 10
2 6 8 10
3 6 10
2 6 10
2 6 10
2 6 10
3 6
2 6 8 10
2 6
1 2 6 10
1 4 6
2 4 6
2 3 4 8 10

1 4 8 10
1 4 8 10
1 3 4 8
4 6 10
2 6 10
2 4 8 10
6 8 10
1 3 5 9
2 4 6
3 6 8 10
2 6
2 4 8 10
2 4 6
2 6 9
2 6 8 10

1 4 6 10
3 6 10
1 6 10
2 4 8 10
2 6 10
2 6 10
2 6 10
1 6 10
4 8 10
2 6 10
2 4 6 10
2 3 6 8 10
2 4 8 10
4 8 10
sonnet
4 8 10
2 6 8 10
4 8 10
1 4 8 10
1 4 6 10
2 7 10 11
6 10
2 6 10
1 5 6 7 10
4 8 10
1 6 10
4 6 10
1 4 8 10
3 6 8 10
sonnet
1 4 6 10
6 8 10
3 6 8 10
4 8 10
1 4 7 8 10
2 4 8 10
4 8 10
4 8 10
3 6 8 10
3 6 8 10
4 8 10
1 4 6 8 10
2 6 8 10
3 6 8 10
sonnet
1 4 6 7 10
2 4 6 10
3 6 8 10
2 4 8 10
1 2 4 6 10
1 4 6 10
2 4 6 10
4 6 8 10
1 4 6 8 10
3 6 8 10
2 4 8 10
1 3 5 6 10
2 6 8 10
2 4 8 10
sonnet
1 2 4 6 10
2 4 8 10
2 6 10
2 6 10
2 4 6 8 10
1 2 6 8 10
4 8 10
3 6 8 10
2 4 6 10
2 4 6 7 10
1 2 4 8 10
3 6 8 10
3 6 8 10
4 8 10
sonnet
3 6 8 10
4 8 10
2 4 6 10
2 6 8 10
1 3 4 8 10
2 4 8 10
1 4 6 10
2 6 8 10
4 8 10
2 4 6 10
3 4 8 10
4 6 8 10
4 6 8 10
1 4 6 7 10
sonnet
4 8 10
2 4 6 10
2 6 8 10
2 4 8 10
3 7 10
2 4 6 10
2 6 8 10
2 4 6 10
2 4 8 10
1 4 6 10
1 4 8 10
1 4 6 8 10
2 6 8 10
4 6 7 8 10
sonnet
2 4 8 10
1 3 4 8 10
1 3 6 10
2 4 8 10
2 4 6 8 10
2 4 8 10
3 6 10
2 4 8 10
2 4 6 8 10
4 8 10
1 2 5 6 8 10
4 6 8 10
1 4 8 10
2 4 6 8 10
sonnet
1 4 8 10
4 6 8 10
1 4 8 10
2 4 6 10
2 4 8 10
1 3 6 8 10
3 6 8 10
1 4 8 10
1 3 6 7 10
4 6 10
1 4 8 10
1 3 6 8 10
4 6 10
1 4 8 10
sonnet
1 4 8 10
2 4 8 10
2 4 8 10
3 6 7 10
2 6 8 10
4 8 10
2 6 10
2 4 8 10
2 4 6 8 10
2 6 10
1 4 8 10
6 10
2 6 8 10
4 8 10
sonnet
2 4 8 10
2 6 10
2 6 10
6 10
3 6 8 10
3 6 10
4 6 10
4 8 10
2 6 10
2 6 8 10
3 6 7 10
2 4 6 8 10
2 4 5 8 10
2 3 4 6 9 10
sonnet
2 4 8 10
2 6 10
3 6 10
3 6 8 10
2 4 6 10
1 4 8 10
3 6 10
1 2 4 6 8 10
2 4 6 10
2 4 6 8 10
2 4 8 10
2 4 8 10
1 4 6 10
2 4 8 10
sonnet
3 6 10
4 6 8 10
1 4 8 9 10
4 6 8 10
4 8 10
3 4 5 6 10
1 4 8 10
4 8 10
1 6 8 10
1 6 8 10
4 6 10
2 6 10
3 6 8 10
2 4 8 10
sonnet
2 4 5 8 9
2 6 8 10
2 4 8 9 10
3 6 9 10
4 8 10
1 4 8 10
4 8 10
4 6 10
1 2 6 7 10
2 3 7 9
1 6 10
2 4 8 10
1 3 5 6 8 10
2 4 8 10

1 4 8 10
2 4 8 10
1 4 8 10
2 5 9
1 4 8 10
2 4 8 10
1 4 6 8 10
4 6 8 9 10
2 4 6 10
1 4 8 10
4 8 10
2 5 6 8 10
1 4 8 10
1 2 4 6 10
sonnet
2 4 6 10
2 3 4 6 8 10
4 6 10
4 8 10
2 4 6 10
2 6 8 10
1 2 4 8 10
4 8 10
2 6 10
1 4 8 10
2 4 6 10
2 3 6 8 10
1 2 6 8 10
1 4 6 10
sonnet
4 8 10
2 4 8 10
2 5 6 10
4 6 7 10
3 6 8 10
3 6 7 10
2 6 8 9 10
1 2 4 6 10
2 6 10
1 4 6 10
2 6 10
4 8 10
2 4 8 10
1 4 8 10
sonnet
2 6 10
4 8 10
1 3 6 8 10
3 6 10
1 4 8 10
4 8 10
4 8 10
2 4 8 10
1 4 8 10
1 3 6 10
4 8 10
2 6 10
3 6 10
2 6 8 10
sonnet
1 3 6 8 10
2 6 7 10
2 6 10
3 6 10
2 3 4 8 10
1 4 6 8 10
2 4 6 10
2 4 8 10
1 4 6 10
6 10
1 6 10
1 3 6 10
2 4 6 10
3 6 9 10
sonnet
1 2 4 8 10
1 3 6 9 10
3 6 10
1 4 8 10
2 4 8 10
2 4 6 10
6 8 10
2 4 8 10
1 3 6 10
1 3 6 10
2 4 6 8 10
2 6 10
2 6 10
4 8 10
sonnet
2 5 7
3 5 7
2 5 7
3 6
2 4 7
2 4 7
2 5 7
4 7
1 3 5 7
4
3 5
1 2 5 7
3 7
3 7
2 5 7
4 7
4 7
3 7
4 7
1 3 5 7
4
3 5
2 5 7
3 5 7
3 7
2 7
2 4 7
3 4 7
3 7
2 4 7
1 3 5 7
4
3 5
2 4 7
4 7
1 4 7
2 4 7
2 4 7
3 5 7
3 6
1 3 5 7
1 3 5 7
4
3 5

2 5 6
1 3 7
3 5 7
1 3 7
4 7
2 4 6 7
3 7
3 7
1 3 5 7
4 7
3 4 7
1 4 6
2 4 7
2 5 7
3 7
2 5 7
4 7
3 5 7
3 4 5 7
3 5 7
2 5 7
3 7
3 7
2 3 6 7
1 3 6
3 5 7
3 7
4 7
4 7
2 3 7
3 5 7
3 6 7
2 7
4 6
2 4 5 7
2 4 7
2 4 7
3 5 7
2 5 7
2 3 6
2 4 6 7
3 7
1 5 7
1 4 5 7
1 3 7
2 4 7
3 5 6 7
2 3 7
2 4 6
4 7
2 4 7
2 7
2 5 6 7
2 6
2 4 6
1 5 6
4 5 7
2 7
4 5 7
1 5 7
1 2 4 7
1 4 7
4 5 7
2 4 7
3 7
1 3 5 7
2 4 7
2 4 7
2 4 7
2 3 6 7
3 5 7
2 7
2 5 7
1 7
2 5 7
1 5 7
1 3 5 7
3 7
1 3 4 7
2 3 6 7
3 4 7
2 4 6
2 4 7
1 4 7
2 4 7
2 4 7
2 5 6 7
1 2 4 5 7
1 2 3 7
3 5 7
1 4 7
1 4 7
2 3 7
2 3 4 7
1 4 7
3 7
2 4 7
3 7
2 6
2 4 7
1 2 5 7
2 4 6
1 4 6 7
2 7
1 3 4 6
2 7
4 7
1 4 7

1 3 7
2 3 7
1 6
5 7
3 6 7
2 3 7
1 2 5 7
2 4 7
1 4 7
4 7
2 5 7
1 5 7
2 4 7
1 3 6
2 3 5 7
2 4 7
1 4 7
2 4 7
2 3 5 6
3 7
1 3 7
3 7
2 7
2 7
2 4 7
2 4 7
5 7
1 4 7
3 7
3 7
1 3 7
2 7
2 5 7
3 7
1 3 7
3 5 7
1 3 7
3 7
4 6
2 7
3 5 7
2 4 6
2 7
1 4 7
2 4 6
3 5 7
4 7
4 7
2 4 7
4 7
3 7
5 7
1 3 5 7
2 7
2 7
3 7
1 2 7
2 7
2 5 7
4 7
2 7
1 6
4 7
2 4 7
2 4 7
1 3 7
1 2 4 7
2 4 7
1 2 5 7
1 3 4 7
1 4 7
2 5
1 5 7
1 3 7
4 7
2 3 6 7

3 7
3 7
3 5 7
3 5 7
3 7
3 7
1 4 7
1 3 7
3 7
2 4 7
1 4 7
2 5 7
1 4 7
2 4 6
4 7
3 7
3 5 7
4 7
2 5 7
2 4 7
3 5 7
2 7
2 5 6 7
2 4 7
2 4 7
1 3 5 7
3 7
1 2 5 7
3 7
2 4 7
2 4 7
2 7
1 2 4 7
4 6 7
3 7
3 7
2 4 7
3 6
2 7
3 7
1 4 7
2 4 7
4 7
3 7
2 3 7
2 3 4 5 6
1 4 7
1 3 7
4 7
1 4 7
1 4 7
4 7
1 3 7
3 4 7
2 5 7
2 5 7
3 5 7
2 5 7
1 2 4 6
2 4 7
2 4 7
3 7
2 7
3 4 7
2 4 7
3 7
1 3 5 7
1 4 6
4 7
3 5 7
4 7
2 5 7
3 7
3 4 7
3 7
1 4 6
2 7
3 6
3 7
2 5 7
2 5 7
2 4 7
2 5 7
2 5 6

3 7
2 4 7
3 7
2 5 7
4 7
3 7
3 7
4 7
2 5 6 7
3 7
2 7
3 5 7
2 7
4 5 7
2 5 7
2 7
2 7
3 7
3 7
3 7
4 7
3 7
2 7
4 7
4 7
3 7
1 3 7
2 5 7
1 4 7
3 5 7
3 7
2 5 7
1 4 7
3 7
2 5 7
4 7
2 3 7
3 7
3 5 7
4 7
2 4 7
3 7
3 7
2 3 5 6 7
2 4 7
2 4 7
5 7
4 7
3 7
3 7
2 4 7
4 7
4 7
1 4 7
2 4 7
3 7
3 5 7
3 7
3 7
2 5 7
5 7
3 7
4 7
2 5 7
romance
4 6 7
2 7
2 3 7
3 5 7
1 2 3 7
1 3 5 7
2 3 7
3 4 7
1 3 5 7
4 6
4 7
5 7
3 5 7
1 3 4 7
1 2 3 7
2 4 6
2 4 7
2 7
2 4 7
2 6
1 3 5 6
2 7
1 3 7
3 7
2 6 7
2 7
4 7
1 5 7
1 3 6 7
1 2 7
3 7
1 4 5 7
1 3 5 7
2 7
2 5 7
2 5 7
1 3 7
3 4 7
2 7
1 4 7
2 4 7
4 6
2 3 5 7
2 7
1 3 7
4 7
2 3 7
3 5 7
1 5
1 3 7
3 5 7
3 5 7
1 3 7
1 3 7
3 4 6
2 5 7
2 4 7
3 5 7
2 4 7
5 7
1 4 7
2 5 7
3 5 7
3 5 7
1 4 7
1 3 6 7
3 7
3 7
2 4 7
3 4 5 7
4 7
2 4 6 7
2 4 7
3 7
3 4 7
2 3 7
2 5 7
4 7
3 4 6
2 4 7
4 7
2 7
2 4 6 7
1 3 7

3 4 7
3 7
4 7
4 6 7
2 5 7
1 5 7
2 7
1 2 7
2 7
1 3 6
4 7
3 4 7
2 6
2 4 7
2 7
2 4 7
5 7
1 3 7
4 7
2 5 7
3 7
2 5 7
4 6
1 2 5 7
2 7
4 7
5 7
2 7
2 6
4 7
2 7
2 7
4 6 7
1 4 7
1 6
1 4 7
5 7
4 7
3 6
2 4 7
3 5 7
2 5 7
4 7
3 7
2 5 6 7
1 3 7
2 6
2 4 7
2 5
3 5
3 4
3 5
2 5
2 5
4 5
1 5
1 5
5
1 2 5
2 5
1 2 4
3 5
2 5
3 5
5
2 5
3 5
3 5
2 5
2 5
1 2 5
3 5
1 5
2 5
3 5
3 5
1 5
1 3 5
2 5
2 5

2 4 7
2 5 7
2 7
1 4 7
2 5 7
3 7
1 5 7
2 4 7
2 7
2 4 7
2 4 7
2 4 7
1 2 5 7
2 4 7
2 4 7
5 7
1 3 7
1 4 7
1 3 5 7
4 7
2 7
2 5 7
1 5 7
2 4 7
2 7
2 5 7
1 4 7
2 5 7
3 7
3 7
3 7
3 5 7
2 7
4 7
1 3 7
1 5 7
1 2 5 7
3 7
3 4 7
2 7
5 7
2 5 7
1 3 4 7
5 7
1 2 5 7
2 3 5 6 7
2 7
2 5 7
1 3 4 7
1 5 7
1 5 7
1 3 5 7
1 4 7
2 5 6 7
2 4 5 7
2 5 7
3 4 7
5 7
2 4 7
2 5 7
2 6 7
4 6 7
4 7
1 5 7
romance
3 5 7
5 7
1 3 7
2 4 5 7
3 5 7
1 3 7
2 7
2 5 7
3 7
4 7
2 5 7
2 4 7
2 4 7
2 4 7
2 7
2 7
2 4 7
2 4 7
2 3 7
2 4 7
1 3 7
4 7
2 5 7
4 7
4 5 7
3 6 7
3 7
4 7
1 4 6 7
3 5 7
3 4 7
2 4 7
2 4 7
1 4 7
3 7
1 3 6
3 7
1 3 5 7
2 5 6 7
4 7
2 4 7
1 3 5 6
2 3 7
3 5 7
1 3 7
2 4 7
4 7
4 7
2 7
1 2 5 7
2 4 7
3 5 6 7
4 7
1 4 7
1 4 7
1 3 7
3 7
2 4 7
3 5 7
2 4 5 7
1 2 3 6
2 5 7
2 4 7
3 5 7

1 2 5 7
1 4 7
1 3 6
2 7
5 6 7
2 3 7
1 2 7
1 2 4 7
1 4 7
4 7
3 7
1 4 7
1 5 7
3 5 7
1 2 3 7
3 6
2 5 7
2 3 5 7
1 3 6 7
1 4 7
2 4 7
2 4 7
1 2 7
2 4 7
1 3 4 7
4 7
2 4 7
2 5 6
1 3 5 7
2 3 7
1 5
2 7
1 2 4 7
2 4 7
2 6
1 4 7
1 5 7
1 4 7
3 5 6 7
3 7
2 4 7
3 7
1 4 5 7
5 7
1 3 4 5 7
3 7
3 5 7
2 5 7
3 4 7
1 2 6
2 7
1 5 7
1 3 6
2 3 7
2 4 7
2 4 7
1 4 7
2 5 7
3 7
2 7
1 3 5 7
3 5 7
1 2 3 6
2 6 7
1 5 7
4 7
3 4 7
2 3 6 7

1 4
1 2 4
3 5
2 4
seguidilla
1 5
2 4
3 6
1 4
seguidilla
1 5
1 3
3 6
2 4
seguidilla
2 3 6
1 4
3 6
1 4
seguidilla
1 6
1 4
3 6
4
seguidilla
1 4
1 4
6
4
seguidilla
2 5
3 5
1 3 5
2 5
redondilla
3 5
2 4
1 5
1 4
6
4


1 5
1 4 5
1 2 5
2 5
1 4 7
1 4
3 5
4
3 5 7
3
3 5
3 4 5

1 5
1 4 5
2 5
3 5
3 5
1 4 5
3 5
3 5
3 5
1 4 5
2 5
3 5

3 5
2 4
3 6
1 4
seguidilla
3 5
5
3 6
1 5
seguidilla
1 3 6
2 4
3 6
1 4
seguidilla
3 6
2 4
1 3 6
2 4
seguidilla
1 5
1 3 5
3 5
3 5
seguidilla
3 5
1 4
3 6
1 4
seguidilla
1 3 6
4
3 6
2 4
seguidilla
3 6
2 4
1 3 5
2 4
seguidilla
3 5
2 4
2 4 6
1 2 4
seguidilla
3 5
4
5
2 4
seguidilla
2 4 5
4
3 6
2 4

3 6
2 5
3 6
3 5

2 5
3 5

3 5
3 5

3 4 5
3 5
3 6
3 5

2 5
3 5
2 5
1 5
seguidilla
2 5
2 5
3 6
3 5

2 4 8 10
1 6 10
2 3 4 8 10
terceto
2 6 8 10
1 4 8 10
4 6 10
terceto
1 4 8 10
2 6 8 10
1 4 8 10
terceto
3 6 7 10
3 6 8 10
4 8 10
terceto
1 2 4 8 10
3 6 8 10
2 6 8 10
terceto
4 5 6 10
3 6 8 10
2 6 10
terceto
2 4 6 10
1 3 6 8 10
2 4 6 10
terceto
2 4 8 10
2 4 6 8 10
4 6 8 10
terceto
2 4 8 10
4 6 10
2 6 8 10
terceto
3 5 6 10
1 3 6 10
2 4 8 10
terceto
4 6 10
3 6 10
2 6 10
terceto
2 6 10
1 2 6 10
2 4 6 10
terceto
6 10
2 6 8 10
2 6 8 10
terceto
6 8 10
3 6 10
4 6 7 8 10
terceto
1 4 8 10
2 3 6 8
2 4 8 10
terceto
2 3 5 6 8 10
4 8 10
4 6 10
terceto
1 2 6 8 10
2 4 6 8 10
3 6 10
terceto
2 4 6 8 10
2 6 10
4 8 10
terceto
2 6 10
2 4 6 10
2 6 10
terceto
4 6 8 10
2 6 8 10
2 4 8 10
terceto
2 6 10
4 8 10
1 2 4 8 10
terceto
3 6 8 10
2 4 8 10
1 3 4 8 10
terceto
4 8 10
2 6 7 8 10
2 4 6 8 10
terceto
2 4 6 8 10
2 3 6 8 10
4 6 8 10
terceto
4 8 10
1 4 8 10
3 6 10
terceto
2 6 10
2 4 8 10
2 4 8 10
terceto
4 8 10
2 4 6 10
2 6 10
terceto
4 6 8 10
4 8 10
2 4 8 10
terceto
2 4 6 8 10
6 10
2 3 4 8 10
terceto
1 2 4 8 10
4 6 10
4 6 8 10
terceto
2 4 8 10
4 6 10
3 6 10
terceto
4 8 10
4 6 10
2 6 10
terceto
3 6 10
4 8 10
2 4 8 10
terceto
1 4 6 10
3 6 10
2 6 10
terceto
1 4 8 10
1 3 7 9
2 6 8 10
terceto
3 6 10
3 6 10
2 6 8 10
terceto
2 4 6 8 10
2 6 10
3 6 8 10
terceto
6 10
1 3 6 10
4 6 8 10
terceto
2 6 10
1 4 5 7 9
3 6 8 10
terceto
2 6 8 10
2 6 10
2 6 10
2 6 10
3 6 8 10
2 6 8 10
romance_arte_mayor
2 6 10
3 6 10
1 3 6 10
terceto
2 4 6 10
2 6 9 10
2 4 8 10
terceto
1 6 8 10
2 4 8 10
2 6 8 10
terceto
2 6 10
4 6 10
3 6 10
terceto
3 6 10
2 4 7 9
2 6 10
terceto
1 2 6 10
2 4 8 10
4 6 8 10
terceto
2 4 6 8 10
2 6 8 10
2 4 6 10
terceto
1 4 6 8 10
2 4 8 10
4 6 10
terceto
2 4 8 10
4 8 10
2 4 8 10
terceto
1 4 8 10
2 4 6 8 10
2 4 8 10
terceto
2 6 10
2 6 10
1 4 7 9
terceto
3 6 10
1 3 6 10
4 6 10
terceto
1 3 6 10
2 4 8 10
4 8 10
terceto
1 2 6 10
2 6 10
4 8 10
terceto
2 4 6 7 8 10
4 8 10
3 6 8 10
terceto
1 2 4 6 8 10
6 10
2 4 8 10
terceto
2 6 8 10
2 4 6 10
2 4 8 10
terceto
1 3 6 10
2 4 6 10
2 4 6 10
terceto
4 8 10
4 6 10
3 6 10
terceto
1 2 4 8 10
6 7 9
1 4 6 10
terceto
1 2 6 10
2 4 6 8 10
3 6 8 10
terceto
1 4 6 10
4 6 8 10
2 4 6 8 10
terceto
2 6 10
1 4 8 10
3 6 7 8 10
terceto
2 3 4 8 10
2 6 10
4 6 8 10
terceto
4 8 10
2 4 8 10
1 4 8 10
terceto
1 2 3 6 10
3 6 8 10
4 8 10
terceto
4 6 10
3 6 10
2 4 8 10
terceto
2 6 10
4 8 10
4 6 10
terceto
4 8 10
2 6 10
4 8 10
terceto
2 4 6 9
2 6 10
2 4 8 10
terceto
3 6 10
2 6 10
1 4 6 10
terceto
4 8 10
2 6 10
2 6 10
terceto
2 6 10
2 4 6 10
6 10
terceto
2 4 8 10
3 6 8 10
2 4 8 10
terceto
1 4 8 10
2 5 6 10
1 4 8 10
terceto
3 6 10
2 4 8 10
4 8 10
terceto
4 6 8 10
1 4 8 10
2 3 4 8 10
terceto
4 8 10
2 4 7 8 10
1 4 8 10
4 8 10
serventesio
3 5
1 4
2 4
2 4 5
2 5
1 3 5
1 3 5
1 3 5
1 3 5
3 5
3 5
3 5
1 3 5
2 4 5
1 2 5
1 5
3 5
2 5
1 2 3 5
5
1 5
1 5
3 5
1 3 5
2 5
2 5
1 5
3 5

2 4 7
3 7
2 5 7
4 7
2 4 7
2 3 4 7
4 7
2 5 7
3 5 7
3 5 7
2 4 7
2 5 7
3 5 7
2 4 7
3 7
2 4 5 7
2 5 7
2 4 7
4 7
3 7
romance
5 7
1 3
2 7
1 3 4 7
2 4 7
1 3 7
1 3
2 7
1 3 5 7
2 4 7
2 4 6
2 4 7
2 3 7
1 3 7
2 5 6 7
1 3 5 7
2 3 7
3 7
2 4 7
3 4 7
2 5 7
2 4 7
4 7
2 7
2 4 7
3 7
2 3 5 7
2 5 7
3 7
1 3 7

2 6
4
1 3 6
2 4
1 5
1 5
3 5
3 5
1 3 5
2 5
3 5
1 3 5
1 3 5
4
1 3 6
2 4


2 5 6 8 10
3 6 10
1 2 6 10
2 4 8 10
2 4 6 8 10
1 2 6 10
2 6 10
2 6 10
1 4 8 10
2 3 6 8 10
2 6 10
1 3 6 10
3 6 10
2 6 10
sonnet
2 3 6 7 8 10
4 5 6 7 10
2 6 8 10
2 3 6 8 10
1 3 5 6 9 10
1 6 10
1 4 8 10
3 6 10
1 4 6 10
1 2 6 10
2 4 8 10
2 6 8 10
2 4 6 8 10
3 6 10
sonnet
1 4 8 10
2 6 10
2 4 6 8 10
2 6 8 9 10
2 4 8 10
4 5 6 10
4 8 10
2 6 8 10
2 4 6 10
4 6 10
2 4 8 10
1 4 8 10
2 5 6 10
1 4 8 10
sonnet
2 4 6 7 10
2 4 8 10
1 4 8 10
2 4 8 10
2 4 8 10
2 4 8 10
2 4 8 10
1 4 8 10
2 4 6 8 10
1 2 6 10
3 6 10
1 4 6 10
2 4 8 10
4 8 10
sonnet
1 2 4 6 10
2 4 8 10
2 3 4 6 10
2 4 6 8 10
1 2 4 8 10
2 3 6 10
2 4 6 10
2 4 8 9 10
2 4 6 10
2 4 8 10
2 6 8 10
2 4 8 10
1 4 6 7 10
2 3 6 7 8 10
sonnet
3 6 10
2 4 6 10
1 4 8 10
2 4 6 10
2 6 10
4 6 8 10
2 4 5 6 10
2 6 10
4 8 10
1 2 4 6 10
3 6 7 10
1 2 4 8 9 10
2 4 8 10
2 3 6 10
sonnet
1 2 4 8 10
2 4 6 8 10
2 4 6 10
2 3 4 6 8 10
2 4 6 8 10
2 6 10
2 4 6 8 10
1 2 6 10
2 3 6 8 10
2 4 6 10
2 6 10
1 3 6 7 10
3 6 8 10
1 2 4 6 8 10
sonnet
1 2 4 8 10
2 6 8 10
2 4 8 10
1 4 8 10
1 2 4 8 10
2 4 6 10
1 2 4 8 10
2 6 8 10
2 3 4 6 8 10
1 2 3 4 8 10
3 5 6 10
1 4 8 10
2 6 8 10
2 6 10
sonnet
1 5 6 7
1 5 7
1 7
3 5 7
4 7
4 7
2 4 7
1 5 7
1 5 6 7
1 5 7

1 7
2 5 7
1 6
1 3 5 7
1 3 7
4 7
1 5 6 7
1 5 7
octava
4 6 7 10
3 6 10
4 8 10
4 8 10
1 2 4 8 10
1 2 4 8 10
4 8 10
2 4 8 10
2 4 8 10
4 8 10
4 8 10
1 2 4 8 10
4 8 10
1 4 8 10
sonnet
sonnet
1 3 5
3 5
couplet
1 3 5
3 5
2 3 5
3 5
2 5
2 5

1 3 5
3 5
couplet
couplet
2 5 7
1 4
1 3 5 7
3 7
3 7
3 7
2 4 5
2 3 7
1 4
1 3 5 7
