1 4 8 10
3 6 8 10
1 4 6 8 10
4 6 8 10
1 4 6 10
3 6 9 10
2 6 8 10
2 6 10
2 5 10
2 6 8 10
2 4 6 10
1 2 4 6 10
1 3 6 9 10
1 3 6 10
2 4 8 10
4 6 10
2 6 8 10
3 6 10
3 6 8 10
4 8 10
3 6 8 10
3 6 9 10
1 4 8 10
2 4 8 10
3 6 10
1 2 3 5 9
2 4 6 8 10
2 4 8 10
1 2 5 6 9 10
2 5 6 8 10
4 6 8 10
3 6 10
1 4 6 10
4 6 8 10
2 4 8 10
2 4 8 10
1 3 6 7 10
4 8 10
1 2 6 10
2 6 10
1 4 8 10
2 4 8 10
2 4 6 10
2 4 8 10
2 3 6 9 10
2 6 10
3 6 8 10
2 6 8 10
3 6 10
2 6 8 10
2 6 8 10
1 6 8 10
4 6 10
6 10
3 6 8 10
1 3 4 8 10
1 4 6 7 10
1 4 6 8 10
4 6 8 10
1 3 6 10
2 4 6 10
2 4 6 8 10
3 10
3 6 8 10
2 4 8 9 10
1 4 6 8 10
2 4 6 10
4 6 7 10
4 6 8 10
2 4 6 8 10
1 3 6 10
2 6 8 10
2 4 6 8 10
2 6 8 10
1 4 6 10
4 8 10
4 8 10
2 4 6 8 10
1 3 6 8 10
4 6 10
4 6 8 10
1 2 3 5 7 10
2 4 6 8 10
1 3 4 6 10
2 4 8 10
4 6 8 10
1 4 6 10
2 4 6 10
1 3 6 8 10
1 6 8 10
2 3 6 10
3 6 8 10
3 5 6 8 10
1 6 8 10
3 6 10
2 4 8 10
4 6 8 10
2 3 6 10
1 2 4 8 10
2 6 10
2 6 8 10
4 6 10
2 6 10
1 2 4 5 6 8 10
3 6 10
2 3 6 10
1 3 6 10
2 4 6 10
4 8 10
3 6 10
3 5 7 10
2 4 5 6 10
1 4 6 10
2 4 8 10
1 2 4 8 10
3 6 10
2 4 6 10
3 6 8 10
3 6 10
1 4 6 10
1 3 6 10
2 6 8 10
2 4 6 8 10
2 6 8 10
2 4 8 10
2 3 4 8 10
2 4 6 8 10
2 6 8 10
5 6 8 10
2 4 6 8 10
1 4 6 8 10
4 6 8 10
2 4 5 6 8 10
2 4 5 8 10
1 4 6 7 10
1 4 6 8 10
2 4 8 10
2 4 6 10
2 4 6 10
2 6 10
2 4 6 8 10
4 8 10
3 6 10
2 6 10
1 6 8 10
1 4 6 9 10
2 4 6 8 10
2 6 9 10
4 5 6 8 10
2 3 4 8 10
1 4 5 6 10
2 6 10
4 8 10
2 4 6 7 10
2 6 8 10
2 4 8 10
3 6 8 10
1 6 8 10
1 3 6 10
2 7 8 10
2 4 6 8 10
2 6 7 10
2 4 8 10
1 6 8 10
2 4 6 10
1 3 6 10
2 6 10
3 6 8 10
1 2 4 6 8 9 10
1 6 10
2 6 10
1 2 4 6 10
3 5 6 8 9 10
2 4 6 9
1 4 6 8 10
2 4 6 10
2 6 10
1 3 4 8 10
1 4 6 10
2 4 8 10
6 7 8 10
1 2 6 10
2 4 8 9 10
2 4 6 10
4 6 8 10
4 6 10
2 4 6 8 10
2 4 6 10
2 4 5 6 8 10
2 4 6 9 10
4 6 8 10
2 4 8 10
2 3 7 9
2 6 7 8
3 6 7 8 10
2 6 9
4 5 6 10
6 8 10
1 2 3 4 10
1 2 4 6 10
2 4 6 10
1 2 4 8 10
4 6 7 8 10
4 5 6 10
1 4 6 8 10
1 4 6 10
2 3 5 7 9
1 2 4 5 9
1 6 8 10
2 4 6 10
4 6 10
4 8 10
2 4 6 10
3 4 6 8 10
2 6 10
4 6 7 9
1 4 6 7 8 10
1 2 3 6 10
2 3 5 7 8 9
1 3 5 6 10
2 3 6 10
2 6 8 10
4 6 8 10
2 6 10
3 5 6 8 9
2 6 10
2 6 10
1 6 10
1 2 3 6 8 10
2 4 8 10
2 4 8 10
1 3 6 9 10
2 6 10
3 6 10
1 4 6 7 10
4 5 8 10
4 8 10
1 2 4 6 10
2 4 6 10
2 4 6 8 10
3 4 6 9
3 6 10
1 4 8 9
4 5 9
3 5 9
3 7 9
2 4 5 6 9
1 2 4 6 7 10
3 6 10
1 2 4 6 8 10
3 4 6 8 10
2 4 6 10
1 4 5 6 7 9
4 8 10
2 5 7 9
1 2 4 6 8 10
2 4 5 9
2 4 7 9
1 4 6 8 10
4 5 8 10
3 6 10
1 2 4 6 10
2 4 6 8 10
2 4 5 7 9
1 3 5 7 8 9
2 4 8 10
4 8 10
1 3 5 7 9
2 5 7 9
2 5 9 11
1 3 4 6 10
3 6 7 9
2 3 6 8 10
3 5 6 10
3 4 6 8 10
3 5 9
1 4 8 9 10
4 7 9
3 6 8 10
2 6 8 10
1 4 6 10
3 6 10
2 6 10
1 4 6 7 9
3 6 10
2 4 8 10
1 6 8 10
4 6 10
4 5 9
2 3 4 6 10
3 6 8 10
3 6 8 10
3 4 5 6 10
1 3 6 10
1 4 5 6 9
4 6 10
2 5 6 10
1 2 3 6 8 10
1 3 5 6 10
1 2 3 6 8 10
4 6 10
2 6 10
1 3 6 9 10
2 4 6 8 10
1 3 5 6 9
3 6 10
1 3 4 5 7
2 4 6 9
4 7 9
3 4 5 7 9
2 3 6 8 10
1 6 8 10
1 3 7 9
2 4 5 9
2 4 8 10
1 3 4 6 10
3 6 10
2 4 8 10
2 4 6 10
3 6 10
2 4 6 8 9
1 4 6 10
2 4 8 10
1 2 6 10
2 4 6 7 9
1 4 6 10
2 6 9
1 4 6 8 10
1 2 4 6 8 10
3 6 10
1 3 6 10
4 6 8 10
2 5 6 9
1 4 8 10
3 6 7 8 10
3 6 10
1 2 4 8 10
2 6 8 10
2 6 7 8 10
4 6 10
1 3 6 10
4 8 10
1 2 4 7 9
2 3 4 8 10
2 4 5 7 9
2 4 6 10
1 2 6 10
3 6 8 10
2 3 6 7 10
3 6 8 9
4 6 7 8 10
3 6 9
2 6 7 8 10
1 4 6 8 10
2 3 4 8 10
2 6 10
2 4 8 10
1 2 5 9
2 5 7 9
3 6 10
1 2 6 8 10
2 4 8 10
3 6 10
2 4 6 8 10
2 3 4 8 10
2 6 8 10
2 6 8 10
1 4 6 10
1 5 9
6 10
2 4 6 10
2 6 8 10
1 3 7 9
6 8 10
1 4 6 8 10
1 2 4 6 8 10
1 2 6 7 9
3 6 10
2 4 6 8 10
2 6 8 9 10
2 3 4 6 8 10
2 6 8 10
2 4 6 10
2 4 6 10
2 4 6 10
2 4 6 10
4 6 10
3 6 8 10
2 6 7 10
1 3 6 10
3 5 8 10
2 6 10
2 4 6 7 8 10
2 3 6 10
3 6 8 10
3 5 8 10
1 4 6 8 10
3 6 9 10
2 4 6 8 10
2 3 6 8 10
2 4 6 10
2 4 6 10
2 6 8 10
1 3 4 8 10
2 4 6 8 10
2 6 8 10
2 3 4 6 8 10
2 5 6 10
3 5 10
2 4 6 8 10
2 4 6 10
2 4 6 10
4 6 8 10
1 4 6 10
3 6 10
2 4 6 10
2 6 10
1 4 6 10
4 6 8 10
2 6 9 10
2 4 6 8 10
1 3 6 10
2 5 6 10
1 4 6 8 10
2 4 8 10
2 6 9 10
2 4 8 10
1 2 4 8 10
1 3 6 8 10
1 4 8 10
2 4 8 10
2 4 6 9 10
4 8 10
2 4 6 7 10
1 2 6 8 10
2 6 10
4 6 10
2 4 6
1 3 6
1 4 6 8 10
3 6
2 4 6
4 8 10
3 6
1 2 6
4 6
1 2 6
2 4 6 10
2 3 6
2 4 8 10
1 3 6
1 6
1 4 6 10
2 6
2 5
4 6 8 10
4 6
1 4 6
1 4 6
1 4 6
2 5 6 8 10
2 4 6
3 6 8 10
1 6
1 3 6
4 6 10
3 6
2 5
2 6 10
3 5
2 4 6
2 6
2 6
2 4 8 10
3 6
2 4 6 8 10
1 3 6 8 9 13
2 6 8 10
3 6
4 6
2 4 8 9 10
1 3 6
3 6
1 4 6
4 6
2 4 6 8 10
3 6
1 3 6 8 10
2 4 6
4 6
2 6 7 10
2 4 6
2 6
2 6 8 10
2 6
4 6
2 6
2 4 6
3 6 10
4 6
3 4 5 7 9
2 6
3 5 6
2 6 8 10
4 6
2 6
2 6 8 10
1 4 6
4 6
3 6
2 6
3 6 7 10
6
3 6 10
2 4 6
3 5 6
2 4 6 10
3 5 6
3 6
2 6 7 9
6
1 4 6
3 6
3 6
3 6 8 10
3 6
3 6 8 10
1 4 6
2 6
4 6 8 10
3 6
3 6
2 4 6 8 10
3 6
2 3 6
2 4 6
1 3 4 6
2 3 5 7 9
2 6
2 4 6 10
6
1 4 6
2 4 6 7 9
1 2 6
1 4 6
2 5 6 10
3 4 6
1 6
2 4 6
2 6
2 4 8 10
1 3 6
2 5 9
1 2 3 5 6
1 6
2 6
2 4 6 10
2 4 8 10
3 6 10
1 4 6 8 10
2 4 6 8 10
2 6 8 10
3 6 10
4 6 10
2 4 6 8 10
2 6 8 10
4 5 6 10
2 4 6 10
2 4 6 10
3 6 8 10
2 3 6 10
2 3 6 10
4 6 10
1 4 6 10
1 4 6 10
1 4 6 10
1 3 6 10
1 3 6 10
2 4 6 9 10
2 3 6 10
2 4 6 10
2 6 8 10
3 6 10
2 3 6 8 10
2 3 4 6 10
1 2 4 6 9 10
4 8 11
4 6 8 10
4 6 10
4 6 10
3 6 10
3 6 10
3 6 10
2 6 8 10
2 6 7 10
2 3 5 7 10
2 3 6 10
3 6 10
2 4 8 10
1 4 6 10
1 2 4 8 10
1 6 9 10
2 6 10
2 4 8 10
1 2 4 6 8 10
2 4 8 10
4 6 10
2 6 8 10
3 6 10
1 4 8 9 10
2 4 8 10
2 4 8 10
2 4 7 8 10
1 2 4 8 10
2 5 6 10
4 6 8 10
1 2 6 10
3 6 10
3 6 10
2 4 6 10
3 6 8 10
2 3 6 8 10
2 6 10
3 6 10
2 4 6 10
3 5 9
3 6 10
2 6 10
4 6 10
1 2 4 6 10
2 6 8 10
1 4 5 8 9
2 4 5 8 10
1 2 4 6 10
1 4 6 8 10
4 6 8 10
4 6 8 10
1 2 4 6 10
2 3 6 10
6 8 10
1 3 5 7 9
6 8 10
2 4 6 8 10
3 6 8 10
2 4 6 10
4 8 10
2 4 6 10
2 4 6 10
2 6 10
1 4 6 9
3 6 10
2 4 5 8 10
2 3 4 6 8 10
2 4 6 8 10
4 6 8 10
2 4 6 10
2 6 8 10
4 8 10
2 7 8 10
2 4 6 8 10
2 4 7 9
1 4 5 7 9
4 6 9 10
3 6 8 10
1 2 3 6 9
1 2 6 10
2 5 9
2 4 8 10
3 6 8 10
2 6 7 10
1 2 4 6 8 10
3 6 10
1 3 6 8 10
4 6 8 10
1 4 6 10
3 6 8 10
1 2 4 6 10
3 5 6 10
3 6 10
4 6 8 10
2 4 6 10
2 6 9 10
4 8 10
1 3 6 10
2 4 5 6 8 10
3 6 8 10
1 4 6 8 9
4 6 9
4 6 8 10
1 6 8 10
2 5 8 9
3 6 8 10
2 4 8 10
1 3 7 9
2 3 6 9 10
3 6 7 10
3 4 8 10
1 3 6 10
2 4 5 8
4 6 8
2 6 8 10
3 5 6 10
3 6 8 10
2 6 8 10
2 4 8 10
4 6 8 10
1 4 8 10
2 4 6 10
1 6 9 10
2 4 7 9
2 5 7 9
2 3 8
2 4 6 8 10
2 4 6 8 10
2 4 6 8 10
1 4 5 6 8 10
2 4 6 8 10
1 5 6 10
2 3 5 9
3 5 6 9 10
2 4 6 8 10
3 6 10
2 6 10
2 6 10
3 6 8 10
6 10
2 4 8 10
3 6 10
2 4 6 8 10
2 6 10
2 4 5 8 9
3 6 10
4 8 10
1 3 4 6 10
2 6 10
2 6 10
2 3 6 10
2 4 7 8 10
3 6 10
4 6 10
3 6 8 10
2 3 6 10
2 4 6 8 10
1 4 6 10
2 4 6 10
2 4 6 10
2 4 6 10
4 6 10
2 4 8 10
4 8 10
1 4 7 9
1 6 7 10
3 6 10
2 6 9
2 4 8 10
2 4 6 10
1 4 6 10
4 6 8 10
3 5 9
1 3 6 10
2 4 6 10
1 3 5 9
4 8 10
1 4 6 9 10
2 4 8 10
2 6 8 10
1 4 6 9
3 6 8 10
1 3 6 8 10
2 3 6 9
2 3 6 10
2 3 6 10
3 4 6 10
2 6 10
1 4 6 8 10
1 4 6 10
2 3 6 8
4 6 9
2 6 10
1 4 6 10
6 7 10
2 6 8 10
2 5
4 6 9
2 4 6 10
2 4 5
3 5 9
2 6 10
4 6 10
3 4 5 8
1 4 5 6 9 10
2 5 7 9
4 6 10
2 4 8 10
2 6 8 10
1 3 4 6
3 6 8 10
2 4 6 10
3 6
3 6 10
2 3 6 7 8 10
2 4 6 8 10
2 6 8 10
2 3 6 8
4 6 8 10
3 6 10
1 4 5 7 9
2 6 10
4 6
3 6 10
3 6 10
1 4 6
2 6 10
1 2 3 6 10
2 4 8 10
1 2 5 7 9
3 6 8 10
3 6 8 10
4 6 10
3 6 8 10
3 6 8 10
3 6
2 3 6 8 10
4 6 8 10
2 4 6
4 6 8 10
2 4 8 10
2 6 8 10
4 6 10
1 4 6 9
2 6 8 10
2 6 10
3 5 6 10
2 4 8 10
3 6
2 4 6 8 10
4 6 10
1 3 6
2 4 6 10
1 6 8 10
2 7 10
2 5 9
2 4 6 10
2 3 6 10
1 3 6 7 9
3 5 7 9
3 4 6 8
3 6
1 3 6 7 10
3 6 8 10
1 3 6
1 6 9
4 6 10
2 6 9
1 2 4 8
3 4 8 10
1 4 6 8 10
1 3 6 9
6 8 10
6 8 10
4 6
4 6 10
1 2 4 6 10
3 4 6
2 4 6 10
2 6 10
2 3 4 5 9
2 4 6 8 10
2 4 6 10
3 5 9
3 5 7 8 9
2 4 8 10
2 4 8 10
3 6
4 6 8 10
2 6 7 10
2 6
4 6 9
1 3 6 10
1 6 9
3 6 8 10
2 4 8 10
3 6 10
2 4 8 10
2 4 8 10
3 6 10
4 6
3 6 10
3 6 10
3 6
4 6 10
3 6 10
4 6 10
1 4 8 10
3 6 9
3 6 10
3 6 10
3 6 9
2 6 10
1 3 6
1 4 6 8 10
3 4 6 7 8 10
4 5 6
3 6 8 10
1 3 5 9
2 5 6 8 10
1 2 4 6 8 10
1 2 3 4 8 10
1 3 6 10
2 4 6 9
2 6 7 10
4 6 7 10
2 5
2 6 8 10
2 4 6 9
3 6
2 4 6 9 10
2 4 6 9
3 6 9
4 9
1 3 4 6 10
1 6 10
1 5 7 9
2 4 6 8 10
2 5 9
3 6
2 4 6 8 10
3 5 9
2 3 6
3 4 6 8
1 3 5 6 7 9
1 3 6 8 10
2 4 6
2 4 6 8 10
4 6
1 3 6
1 4 6 8 10
2 6
1 3 5
2 4 8 10
1 3 6
2 4 8 10
4 6
2 4 6
2 6 8 10
6
2 5 6
1 4 6 10
2 3 6
2 4 6 8 10
4 6
3 6
4 6 10
3 5
2 4 6
1 4 6 10
4 6
1 2 4 6 8 10
3 6 9 12
4 8 10
2 6
2 4 6
1 2 6 8 10
3 6
2 4 6 10
2 6
3 6
3 6 10
2 6
4 6
2 4 6 8 10
1 2 4 6
2 5 9
1 6
4 6
6 10
2 5
3 6
2 4 8 10
4 6
2 6 10
4 6
2 6
4 8 10
2 4 6
1 4 6
2 4 5 7 9
2 5
2 6 10
6
1 6
1 6 10
1 4 6
4 6
4 8 10
2 4 6
4 6 8 10
3 6
3 6
1 4 6 8 10
4 6
3 6
4 8 10
1 4 6
3 6 9
4 6
6
4 6 8 10
2 3 6
2 3 6
4 10
2 4 6
2 6 8 10
4 6
6
2 4 8 10
2 6
2 6
1 4 6 8 10
2 3 6
4 6 10
3 6
3 5
1 3 5 9
1 3 6
6
1 3 6 10
4 6
4 6 8 10
2 4 6
2 3 6
2 3 7 9
4 6
2 4 6
3 6 9 10
6
2 4 8 10
1 2 6
3 6
2 6 10
1 4 5
4 6
3 6 10
2 4 8 10
2 4 8 10
2 4 6 9
3 5 6 7 8 10
1 3 6 10
4 7 8 9
1 4 6 8 10
1 3 6 8 10
1 3 6 10
1 3 6 8 10
1 3 6 9
1 4 6 8 10
1 3 6 10
4 6 10
3 7 9
1 3 4 6 8 10
1 2 6 10
1 3 6 10
2 4 6 9
4 5 8 10
1 4 6 8 10
1 4 6 10
3 5 8 9
1 3 5 7 9
2 6 10
3 6 9
1 2 6 10
2 6 10
2 4 6 10
1 3 6 10
4 6 10
2 4 8 10
3 6 10
1 2 4 6 10
3 5 6 8 10
4 8 10
6 7 10
2 4 8 10
4 5 6 10
8 10
2 4 6 7 10
1 3 6 10
1 4 6 8 10
2 4 6 10
3 6 10
2 6 8 10
3 6 10
2 5 9
2 6 10
4 6 8 10
3 6 8 10
1 4 8 10
2 4 6 8 10
1 3 5 9
1 3 6 10
2 4 6 8 10
1 6 10
2 6 9 10
2 6 10
1 2 3 4 6 8 10
1 4 5 8 10
2 4 5 6 10
2 6 10
2 4 6 7 10
2 4 6 10
3 4 6 8 10
4 6 8 10
3 6 8 10
2 4 6 10
2 3 5 6 8
2 4 8 10
2 4 6 10
2 6 8 10
2 4 6 10
3 6 10
2 4 8 10
2 3 5 9
3 6 10
3 5 9
3 6 8 10
2 4 8 10
2 10
4 6 8 10
4 6 10
4 6 7 8 10
4 8 10
1 3 7 9
2 6 8 10
3 6 10
4 8 10
1 4 6 10
2 5 7 9
2 6 8 10
2 6 10
2 6 9 10
4 6 8 10
2 3 5 7 9
1 3 5 7 9
3 6 8 10
3 6 8 10
2 4 6 8 10
6 7 10
2 6 8 10
2 4 8 9 10
2 4 8 10
3 6 10
1 4 8 10
2 3 6 10
2 4 6 8 10
1 6 10
4 8 10
4 5 8 10
2 4 6 8 9 10
4 6 8 10
1 3 6 9 10
4 8 10
4 6 7 9
1 3 7 9
1 2 6 9
2 4 8 10
2 4 8 10
1 4 6 10
3 6 10
2 4 8 10
1 4 6 10
4 6 8 10
4 5 9
4 6 8 10
4 6 9
2 4 6 8 10
4 8 10
2 5 7 9
2 4 8 10
1 3 6 8 10
2 6 10
2 4 6 10
2 4 6 10
4 8 10
2 4 6 10
2 4 6 9
2 4 6 10
4 6 10
3 6 10
1 6 10
2 5 8 10
2 3 6 8 10
1 3 9
2 6 10
2 4 6 8 10
2 4 6 8 10
2 5 6 9 10
4 5 9
1 4 6 8 10
1 4 6 8 10
3 4 8 10
2 4 6 8 10
3 4 5 8 10
2 4 8 10
3 6 10
1 3 6 10
4 5 9
1 4 5 9
2 4 8 10
2 4 6 10
2 4 6 10
2 4 8 10
4 6 10
4 6 10
3 6 10
2 4 6 8 10
4 6 10
2 4 6 10
4 8 10
4 6 10
2 4 6 10
5 6 10
2 6 9
3 6 8 10
2 4 5 8 10
4 8 10
2 4 8 10
2 4 6 10
2 6 9
1 4 8 10
2 4 6 10
3 6 8 10
2 4 8 9 10
1 3 5 7 9
4 8 10
1 6 8 10
2 4 8 9 10
2 4 5 7 9
1 4 6 7 9
1 3 6 8 10
6 8 10
4 6 10
2 5 6 8 10
4 6 10
1 4 7 8 10
1 3 5 9
2 4 8 10
2 4 7 9
2 4 6 8 10
1 3 6 8 10
2 6 10
4 5 7 8 9
1 2 4 6 10
2 4 8 10
2 4 6 8 10
2 3 5 7 9
2 4 6 10
2 4 10
2 4 8 10
3 6 10
2 3 6 8 10
2 4 6 10
1 6 8 10
2 4 6 8 10
3 6 10
2 4 6 8 10
2 4 6 10
2 3 4 6 8 10
4 6 10
1 2 3 6 8 10
2 4 8 10
3 6 8 10
1 3 6 10
1 2 4 6 10
2 6 8 10
1 3 6 10
2 4 6 10
1 3 5 6 10
2 6 10
1 4 6 10
2 6 7 10
2 4 6 10
3 4 6 10
1 2 5 6 7 10
3 5 10
2 4 6 10
1 3 6 8 10
3 6 8 10
4 6 10
2 4 6 10
2 4 6 8 10
3 6 8 10
1 4 6 10
3 4 6 8 10
2 3 6 10
2 6 8 10
2 4 6 8 10
2 4 8 9 10
3 6 8 9 10
1 2 3 4 6 10
1 3 5 6 8 10
6 8 10
1 3 6 8 10
2 6 8 10
3 6 7 10
2 4 8 10
1 6 8 10
1 4 6 8 10
1 4 6 10
4 6 10
3 4 6 9 10
2 6 7 9 10
1 4 6 10
1 3 6 7 8 10
2 4 6 10
4 8 10
3 4 6 8 10
2 6 8 10
3 6 10
2 4 6 8 10
1 4 6 10
2 6 10
2 6 10
1 3 6 8 10
2 4 6 8 10
3 6 10
2 6 8 10
1 4 8 10
1 3 6 7 10
1 4 8 10
1 6 10
1 4 6 10
1 4 8 10
2 4 8 10
1 6 8 10
1 2 4 6 8 10
2 4 5 6 10
3 6 7 8 10
2 6 10
1 2 4 6 10
2 4 8 10
1 3 6 10
4 6 8 10
4 5 6 8 10
2 4 6 9 10
1 2 4 6 10
2 4 5 8 10
6 7 10
2 4 8 10
1 2 4 6 10
2 4 6 8 10
6 7 10
1 6 10
1 2 6 8 10
2 6 8 10
4 6 8 10
1 2 4 6 10
4 8 10
2 4 8 10
2 6 8 10
2 6 10
2 4 6 10
2 6 8 10
6 7 10
2 4 6 10
1 3 6 10
4 8 10
2 6 8 10
2 4 8 10
1 6 10
4 6 10
2 3 6 10
2 4 6 10
1 4 6 10
2 6 8 10
1 4 6 10
2 3 5 9
4 6 10
2 6 7 10
4 6
2 6 8 10
1 3 6 8 10
4 5 8 10
3 6 9
2 6 8 10
1 4 6 10
6 9
4 10
3 6 7 10
4 6 10
1 2 6 8 10
2 4 8 10
3 6
2 6 8 10
2 4 8 10
1 4 6 10
2 5 7 9
4 6 10
2 5 9
1 3 4 6 7
4 5 8 10
4 6 8 10
2 6 8 10
2 4 6 8 10
2 4 5 9 10
4 6
3 6 10
4 6 10
4 6 9 10
4 6 10
1 2 4 8 9
1 4 8 9
3 6 10
3 6 10
6 9
3 6 8 10
3 6 7 9
2 6 10
3 6
2 6 8 10
3 6 10
2 6 8 10
3 6 10
2 3 6 8 10
3 6 8 10
1 2 6 10
2 6 10
4 8 10
4 6 10
3 6 10
3 6 8 10
3 5
2 3 6 10
1 4 10
3 6 10
1 3 6 8 9 10
2 6 10
1 2 4 6 10
1 3 6 10
1 4 6 10
2 4 8 10
2 5 9
4 6 10
6 10
2 6
3 6 10
2 6 8 10
3 6 10
1 3 5 7 9
1 3 6 9
2 3 6 10
4 8 10
4 8 10
4 6 9
2 6 8 10
2 4 8 10
4 6 10
3 5
2 6 10
2 6 10
2 4 6 10
3 6 10
3 5 9
2 6 10
1 2 4 8 10
2 4 6 10
4 8 10
1 2 4 8 9
6 8 10
1 6 8 10
2 6
3 6 7 10
2 4 8 10
4 8 10
4 6 8 10
2 6 8 10
3 6 8 10
4 6 10
3 6 7 10
2 4 6 8 10
2 4 6 8 10
2 6 10
1 4 6 10
4 8 10
3 6 10
2 6 10
2 4 6 10
2 4 6 8 10
2 4 6 10
1 3 6 10
1 2 4 6 10
1 6 8 10
2 4 8 10
2 4 6 8 10
2 6 10
4 5 6 8 10
2 4 8 10
2 4 8 10
3 5 6 8 10
2 4 6 8 10
4 8 10
2 4 6 7 8 10
2 3 6 8 10
2 6 10
2 4 6 10
3 6 10
2 4 8 9 10
2 4 6 10
1 3 6 10
6 10
1 3 6 10
2 6 10
3 6 8 10
1 3 6 7 10
1 4 8 10
2 6 8 10
4 6 7 8 10
4 8 10
3 6 10
1 3 4 6 8 10
2 4 6 10
3 6 10
1 3 6 8 10
3 6 9 10
1 6 8 10
2 6 10
4 6 10
1 2 4 6 10
2 6 10
3 6 10
2 4 8 10
4 6 10
1 3 6 8 10
1 3 6 10
3 4 6 8 10
2 6 10
2 4 8 10
3 6 8 10
2 4 6 9 10
4 6 7 8 10
1 3 6 10
1 4 8 10
2 6 10
2 3 4 8 10
2 4 6 10
2 3 4 8 10
2 3 6 8 10
1 5 6 10
2 3 6 8 10
1 2 3 6 10
2 4 6 10
2 6 10
1 3 8 10
1 6 10
1 4 6 10
6 10
1 4 6 8 10
1 2 6 8 10
1 4 8 10
4 6 8 10
2 4 8 10
3 4 8 10
2 4 8 10
3 6 10
2 6 10
1 4 6 10
2 4 6 10
4 6 7 10
3 4 6 10
3 8 10
4 6 10
4 10
2 4 8 10
2 6 8 10
6 7 8 10
2 6 10
2 6 8 10
4 6 10
4 6 8 10
1 4 8 10
3 6 8 10
4 8 10
2 4 8 10
2 5 6 10
1 4 6 10
1 2 5 6 8 10
2 4 8 10
2 3 5 6 10
1 3 6 7 10
1 3 6 9 10
4 7 9
2 4 8 10
4 8 10
3 6 8 10
2 6 8 10
1 4 7 9
2 4 6 8 10
2 4 6 10
2 4 6 8 10
1 4 6 10
1 4 8 10
2 6 8 10
2 4 6 10
1 4 8 9 10
3 6 7 10
2 4 6 8 10
2 6 10
2 6 10
4 6 10
2 3 6 10
2 4 8 10
2 6 7 10
2 4 6 10
3 6 10
2 4 8 10
3 6 10
3 6 10
1 2 6 8 10
2 4 8 10
1 3 4 7 9
2 5 8
2 4 8 10
2 6 9
2 4 6 8 10
2 6 10
2 4 8 10
1 4 6 10
3 4 6 7 9 10
3 4 6 10
2 4 6 8 10
1 4 8 9
2 6 8 10
1 2 6 8 10
2 4 8 10
4 6 10
1 4 8 10
4 6 7 10
2 4 6 10
4 6 10
2 4 6 8 10
2 4 6 8 10
2 4 8 10
2 4 8 10
2 4 7 8 10
2 4 6 10
1 2 6 10
1 4 5 9
4 6 8 10
1 4 5 7 8 9
3 6 10
1 2 5 6 8 10
2 4 7 8 9
1 3 6 8 10
3 4 6 8 10
2 4 5 9
1 3 4 5 7 9
1 2 3 5 9
4 8 10
1 3 6 10
2 4 6 8 9 10
1 4 6 8 10
1 4 6 7 8 10
2 4 6 10
1 4 6 8 9 10
2 6 8 10
2 3 6 10
3 4 6 8 10
2 6 10
2 6 8 10
2 4 8 10
3 6 10
1 2 6 10
2 3 4 6 8 10
2 5 6 8 10
1 3 6 10
2 4 8 10
2 6 8 10
1 4 8 10
1 6 8 9 10
3 6 7 8 10
1 3 6 8 10
2 6 7 9
4 6 10
3 8 9 10
1 3 5 9
2 6 8 10
1 4 6 10
2 4 6 10
2 6 10
2 3 4 6 10
2 6 8 10
3 6 8 10
2 6 10
2 6 10
2 6 8 10
2 4 6 10
3 6 8 10
3 6 10
4 6 9 10
2 3 6 10
1 3 6 8 10
2 4 6 10
3 6 8 10
4 6 10
2 6 8 10
2 4 6 10
2 4 6 10
1 3 6 10
1 6 8 10
2 4 6 10
1 4 5 10
4 6 8 10
1 3 6 10
2 4 8 10
2 4 6 8 10
2 6 9
2 4 6 8 10
2 3 4 8 10
2 4 8 10
4 7 10
1 4 6 10
3 6 8 10
1 6 8 10
2 4 8 10
2 4 6 7 10
1 4 6 8 10
2 5 7 10
2 3 6 10
4 6 8 10
2 4 6 9 10
1 2 4 6 8 10
2 4 8 10
2 4 8 10
2 4 8 10
2 4 8 10
4 6 8 10
3 6 10
4 8 10
2 4 8 10
1 4 6 8 10
2 3 6 10
2 4 6 8 10
4 8 10
2 3 4 6 8 10
3 5 6 8 10
2 4 6 8 9 10
2 4 6 8 10
2 6 8 10
2 4 6 8 10
3 6 8 10
2 4 6 7 10
2 6 8 10
3 6 10
1 4 8 10
2 3 6 10
2 4 8 10
2 4 5 6 10
1 2 6 10
3 6 8 10
3 6 8 9 10
2 4 6 8 10
4 6 8 10
4 6 10
1 4 6 8 10
3 6 7 10
2 6 9 10
2 4 6 7 8 10
2 6 10
2 4 6 10
3 6 8 10
2 3 4 6 10
2 6 10
3 6 8 10
4 6 8 10
2 4 6 8 10
2 4 6 10
2 3 6 10
2 6 8 10
2 6 8 10
6 10
2 3 6 10
2 4 6 8 10
2 6 10
3 6 10
2 6 10
2 4 6 10
2 6 8 10
2 6 7 10
2 4 8 10
2 4 6 8 10
2 4 8 10
2 4 8 10
1 3 6 10
2 6 8 10
3 6 10
4 8 10
2 6 10
4 6 10
2 4 8 10
2 3 6 10
4 6 8 10
2 4 6 8 10
1 4 6 8 10
2 4 8 10
1 4 6 9 10
1 4 6 10
2 4 8 10
1 5 6 8 10
6 8 10
2 6 8 10
2 4 6 10
3 6 10
4 6 10
2 4 8 10
2 6 8 10
2 6 10
2 6 8 10
2 6 8 10
2 6 8 10
3 6 8 10
3 4 5 8 10
3 6 9 10
2 4 6 8 10
2 6 10
2 4 6 10
2 6 10
2 6 10
3 4 8 10
1 4 6 7 8 10
4 6 10
2 3 4 8 10
3 6 8 10
2 6 8 10
1 3 4 6 10
1 4 6 8 10
2 4 6 8 10
2 6 8 10
3 6 7 8 10
2 3 5 6 10
1 4 6 10
1 2 4 8 10
3 6 8 10
2 6 8 10
1 4 8 10
1 4 6 10
2 4 8 10
2 4 6 10
2 3 6 10
2 5 6 10
2 4 8 10
4 8 10
2 4 6 10
1 3 6 8 10
5 10
4 6 7 10
1 4 5 8 10
3 4 6 10
1 4 8 10
1 3 6 8 10
2 6 10
4 6 10
2 4 6 8 10
3 4 6 7 10
3 6 10
1 4 6 10
2 6 8 10
3 6 10
4 6 10
1 2 5 6 8 10
2 6 10
2 4 6 8 10
2 4 6 8 10
1 3 6 10
2 4 8 10
1 4 6 10
2 4 8 10
2 6 10
2 3 6 10
2 4 6 8 10
1 3 4 6 10
1 6 7 10
3 5 6 10
4 6 8 10
2 3 6 7 10
4 6 10
2 4 8 9 10
2 5 8 10
1 3 6 10
1 2 4 8 10
2 6 10
2 4 6 7 8 10
1 5 6 10
3 6 8 10
4 6 7 10
2 6 10
2 4 6 10
4 8 10
4 6 10
3 6 10
3 4 6 8 10
2 6 8 10
2 4 8 10
2 5 9
4 6 10
2 4 8 10
2 4 6 8 10
3 6
3 6 10
2 4 8 10
2 4 8 10
3 5 7 11
4 7 11
2 4 6 8 9
2 4 6 10
1 4 8 10
3 6 9
1 6 10
2 3 6 10
2 4 8 10
2 6
2 4 8 10
2 4 10
2 6 7 9
2 6 10
2 6 10
3 6 10
3 5 9
3 6 9
2 4 8 10
3 6 10
6 8 10
1 4 6 10
2 4 6
4 8 10
1 3 6 10
4 6 9 10
2 5 6 9
2 4 6 8 10
2 4 8 10
2 4 6 10
1 4 8 10
2 4 8 10
2 4 6 10
2 4 8 10
3 6 10
1 4 6
2 4 8 10
2 4 6 10
3 6 10
2 6 9
2 6 8 10
3 6 7 9
1 3 6 10
4 6 10
2 4 8 10
2 4 8 9 10
3 6 7 10
3 6 8
3 6
2 4 6 7 9
2 6 10
2 3 6 10
3 6 10
1 4 6 9
4 6 10
1 4 8 10
2 6 10
3 6 10
1 3 5 7 9
3 5 9
4 6 10
1 2 6
4 6 9
3 6 10
1 4 6 10
2 5 7 9
4 8 10
1 2 6 8 10
1 2 4 9 10
2 3 5 7 10
4 8 10
2 6 7 10
2 4 8 10
3 6 7 10
2 6 10
2 4 6 10
4 6 10
3 6 10
1 3 6 7 10
1 2 6 8 10
4 6 8 10
1 3 6 7 10
1 6 8 10
3 6 10
1 4 6 10
2 4 6 8 10
1 2 4 8 10
2 6 8 10
3 6 10
3 6 10
3 6 10
2 3 6 10
2 6 7 10
2 4 6 7 10
2 4 6 10
1 2 4 6 7 9 10
1 4 8 10
3 6 8 10
3 6 7 8
2 6 8 10
4 8 10
4 6 10
2 6 10
1 2 6 8 10
1 4 6 10
3 6 9
2 4 8 10
2 4 7 10
3 6 10
2 4 8 10
2 4 6 8 10
1 4 6 10
4 6 8 10
4 6 10
2 6 7 10
4 6 10
1 2 3 4 6 8 10
3 6 7 10
3 6 10
2 4 6 8 10
1 3 6 10
1 6 9 10
3 4 6 7 10
2 4 6 8 10
2 4 6 8 10
4 8 9 10
1 3 4 5 7 8 10
2 5 6 8 10
2 4 6 10
2 5 6 8 10
3 4 6 8 10
1 4 6 10
2 5 6 8 10
2 4 6 8 10
3 6 8 10
2 6 8 10
4 8 10
3 6 10
3 6 10
1 4 8 10
1 4 8 10
2 4 5 6 8 10
4 6 10
1 3 6 10
3 4 8 9 10
2 3 5 9
1 3 4 8 10
2 6 9
2 6 8 10
2 4 6 8 10
2 4 7 9
4 8 10
2 6 7 10
2 6 8 10
6 10
1 3 6 7 10
1 4 6 10
2 4 8 10
2 4 8 10
1 3 4 6 8 10
1 2 6 8 10
1 3 7 9
1 4 8 10
3 5 6 9 10
2 6 10
1 6 10
2 5 6 10
3 4 6 8 10
2 4 8 9 10
3 4 6 8 9 10
2 3 7 9
2 6 8 10
1 2 3 6 8 10
1 2 6 7 9 10
1 2 4 6 10
3 6 8 10
2 3 6 8 10
2 4 6 8 10
2 4 7 8
4 8 10
2 4 6 8 10
4 6 10
2 3 6 10
1 2 4 6 8 10
2 6 10
4 8 10
1 3 5 9
4 6 10
4 8 10
1 2 4 6 7 9
4 6 10
4 6 10
1 3 6 8
2 4 8 10
2 4 6 8 10
1 2 6 8 10
2 6 10
4 6 10
2 3 6 10
1 2 3 6 8 10
2 4 6 10
1 2 3 6 9
1 3 4 6 8 10
4 6 8 10
2 4 5 6 10
4 6 9 10
2 4 10
2 4 7 9
2 6 9 10
3 6 8 10
2 4 6 8 9 10
2 4 6 8 10
3 6 10
2 4 8 10
2 6 10
4 6 7 10
1 4 6 9
1 3 7 9
3 5 6 10
4 6 10
2 6 10
3 6 10
1 2 6 10
2 4 6 10
2 4 8 10
2 4 8 10
1 6 9
4 8 10
1 4 5 8 10
3 6 8 10
3 6 10
1 2 6 8 10
2 6 8 10
4 6 10
2 4 8 10
3 6 10
2 6 8 9
2 3 6 8 10
4 8 10
2 4 8 10
1 4 6 10
2 4 6 9 10
2 4 6 9 10
3 6 10
2 6 8 10
2 6 8 10
2 4 6 10
1 4 6 8 10
4 7 9
6 8 10
2 4 6 8 10
2 4 6 8 10
4 8 10
3 6 10
3 5 7 9
4 5 6 10
1 4 8 10
1 2 4 6 9
1 4 6 9
2 4 8 10
4 8 10
3 6 10
2 4 8 10
2 6 8 10
2 4 8 10
3 4 6 10
2 6 8 10
2 5 9
4 8 10
6 10
2 4 6 10
3 6 10
3 5 6 8 10
1 5 6 9
2 6 10
4 8 10
2 5 6 10
4 6 10
1 3 4 6 9
2 4 6 10
2 4 8 10
3 6 10
2 4 6 8 10
2 4 6 8 10
2 6 8 10
2 4 6 8 10
1 3 6 8 10
3 5 9
1 6 10
2 6 7 10
2 6 9
1 3 6 10
1 3 4 6 7 9
2 5 8
2 6 8 10
1 4 6 10
3 6 9
2 5 6 8 10
2 3 4 6 7 10
3 5 6 10
1 2 4 6 10
2 4 6 8 10
4 6 10
2 4 6 8 10
3 6 8 10
1 2 6 10
4 8 10
3 4 8 10
4 6 8 10
2 4 8 10
3 6 10
3 4 6 8 10
2 4 9
2 6 10
3 6 10
2 6 10
3 6 10
2 6 10
1 3 4 6 7 10
2 5 9
2 4 5 6 8 10
2 4 6 10
2 5 9
3 6 8 9
2 6 7 10
1 4 6 8 10
3 4 8 10
1 4 8 10
2 4 10
2 4 5 8 10
6 8 10
4 5 8 9
3 5 10
2 6 8 10
1 6 8 10
2 4 8 10
1 3 5 10
1 6 10
2 6 9 10
2 4 8 10
3 6 10
2 4 6 8 10
1 2 4 10
3 6 10
1 4 8 10
4 6 10
2 5 9 10
4 6 8 10
4 6 8 10
3 6 9 10
4 5 8 10
4 6 8 10
2 4 6 8 10
2 4 6 10
1 6 8 10
2 4 8 9 10
2 4 5 8 10
2 5 6 7 10
1 4 8 10
2 4 6 8 10
4 6 8 10
4 6 8 10
1 4 6 8 10
2 4 8 10
2 4 6 8 9
4 7 8 10
4 6 7 8 10
3 6 10
2 4 6 7 10
2 6 8 10
2 4 6 10
4 5 7 9
4 8 10
4 5 8 10
4 10
3 6 10
2 4 8 10
4 8 10
1 4 8 10
1 3 6 10
2 6 10
3 6 10
3 6 8 10
3 6 10
2 3 6 8 10
2 4 8 10
2 5 8 10
2 4 6 10
3 5 6 8 10
3 6 9 10
1 4 6 7 9 10
4 8 10
1 4 5 8 10
2 4 8 10
2 4 6 10
2 4 8 10
3 6 8 10
1 4 6 9 10
1 3 6 10
1 4 8 10
3 6 10
2 4 6 8 10
2 4 8 10
1 2 4 6 7 10
2 4 6 8 10
2 4 6 10
2 4 8 10
1 4 6 10
1 3 5 7 9
1 3 6 10
4 6 9
1 3 6 10
1 2 3 5 6 7 9
2 4 6 8 10
2 3 6 10
1 4 6 10
1 4 6 8 10
1 3 6 7 9
1 3 6 8 10
2 4 8 10
2 4 6 10
3 6 8 10
2 6 8 10
2 6 10
2 4 10
3 6 10
1 3 6 10
2 6 8 10
3 5 6 10
4 6 10
2 4 8 10
2 3 5 6 10
2 3 4 8 10
2 5 6 10
4 6 8 10
2 5 6 10
5 6 8 10
2 4 6 10
2 6 8 10
4 8 10
2 6 10
1 4 6 9 10
1 3 6 10
1 4 6 10
3 6 10
1 6 10
2 4 8 10
3 6 8 10
3 6 10
3 6 7 10
4 6 8 10
4 6 7 10
1 3 6 10
4 6 10
1 4 8 10
3 4 6 8 10
3 6 10
2 4 6 8 10
2 4 6 8 10
2 4 6 8 9 10
4 6 8 10
2 4 8 10
1 3 5 7 9
2 6 8 10
1 4 6 8 10
1 4 7 9
3 6 10
1 3 6 10
2 4 6 10
3 6 7 10
4 6 8 10
3 6 8 9
2 4 6 10
2 4 8 10
2 4 6 8 10
4 6 8 10
4 8 10
2 3 6 10
3 6 10
3 6 7 10
4 8 10
1 2 6 10
1 6 10
3 6 9
3 4 5 9
1 3 6 8 10
1 3 6 10
3 4 8 10
3 6 10
2 6 10
1 5 9
1 3 6 7 9
3 6 7 9
1 2 4 6 10
4 7 10
2 4 8 10
1 4 6 10
4 8 9 10
2 4 6 10
1 2 4 5 7 9
2 4 6 10
2 4 6 8 10
1 3 6 10
2 4 6 7 9 10
4 6 10
8 10
1 6 10
2 4 6 10
2 6 10
3 6 10
2 4 6 10
2 4 6 10
3 6 9
2 3 4 8 10
3 6 10
2 3 4 6 10
4 6 10
2 5 6 7 10
1 4 6 8 9
2 4 6 10
1 4 6 8 10
2 4 7 8 10
1 4 8 10
4 6 8 10
2 3 6 8 10
2 4 8 10
3 6 10
2 4 6 9
2 6 8 10
2 4 6 10
1 4 8 10
2 4 8 10
1 2 6 8 10
2 4 8 10
2 4 8 10
3 6 10
1 3 6 8 10
3 4 8 10
2 6 8 10
2 4 8 10
1 4 8 10
1 3 6 10
2 4 6 10
4 8 10
1 3 6 10
2 4 6 8 10
3 6 10
2 6 10
2 3 5 8
1 3 6 9
2 3 6 9
4 8 10
2 6 10
1 3 6 9
2 6 10
2 5 7 9
1 6 10
2 5 9
1 2 3 7 9
2 3 4 8 10
2 6 8 10
2 4 6 8 9
4 8 10
2 6 10
2 4 6 10
4 8 10
1 4 8 10
2 4 5 8 10
3 6 10
3 6 8 10
3 4 6 10
1 2 4 6 10
4 6 10
3 6 8 10
2 3 6 10
2 4 8 10
1 3 4 6 8 10
2 6 8 10
4 6 10
2 3 6 9
1 2 4 7 8 10
1 3 4 6 10
1 3 6 10
2 4 6 8 10
2 4 7 9
4 8 10
2 4 8 10
4 5 6 10
1 2 4 6 7 10
2 3 6 10
4 8 10
3 6 10
4 6 10
3 6 10
2 4 7 9
4 6 10
3 6 10
1 4 8 10
2 6 10
2 4 6 8 10
1 3 4 6 10
2 5 7 9
1 2 4 6 10
2 4 6 8 10
3 6 9
4 5 6 10
2 4 8 10
2 4 8 10
2 3 4 6 8
3 6 10
1 3 4 8 10
4 5 8 10
3 6 10
3 5 7 9
2 4 8 10
3 6 10
2 3 5 7 9
1 4 6 10
1 3 6 10
2 4 5 9
1 4 8 10
2 4 8 10
2 4 7 8 10
2 4 8 10
2 3 6 8 10
2 4 6 8 10
1 3 5 9
2 3 6 7 8 10
4 6 9
2 6 10
4 6 8 10
1 3 6 8 10
2 4 8 10
2 4 8 10
2 6 7 10
2 7 10
2 4 6 8 10
1 3 6 10
1 5 9
4 8 10
2 4 6 10
3 6 8 10
3 6 10
1 2 4 6 8 10
3 6 10
3 6 8 10
4 6 10
1 4 6 8 10
1 5 7 9
6 10
4 6 8 10
2 4 8 10
2 6 10
1 2 3 6 9 10
2 6 7 10
3 4 8 10
2 6 10
5 6 10
2 4 6 10
1 6 10
1 4 5 6 8 9
2 4 6 8 10
3 4 8 10
2 3 6 9
1 2 4 8 10
1 2 4 8 10
1 2 3 4 6 8
2 4 8 10
2 4 6 10
1 3 6 7 9 10
4 6 8 10
4 5 8 10
3 6 10
2 3 5 6 10
2 6 10
3 6 8 10
2 4 6 10
2 4 8 10
4 6 10
3 6 10
2 3 5 9
2 6 10
1 3 4 6 10
3 4 6 10
2 6 10
1 4 6 8 9
1 4 6 10
1 2 4 6 8 10
1 3 6 8 10
2 4 6 7 10
3 5 8 9
2 3 5 6 10
2 4 5 7 9
1 2 3 4 6 10
1 2 3 6 8 10
2 4 6 8 10
2 4 6 9
3 6 8 10
2 4 6 10
2 4 6 10
3 6 8 10
1 3 6 7 9
1 6 10
1 4 6 8 10
2 4 6 8 10
2 5 6 9 10
2 3 5 9
2 4 8 10
4 8 10
1 3 6 8 10
2 4 6 7 10
2 4 6 8 10
1 2 5 8
3 6 10
4 8 10
1 2 4 8 10
2 4 8 10
2 5 7 9
2 6 8 10
2 4 6 9 10
6 10
1 3 6 10
2 3 6 8 10
3 4 6 8 10
2 4 6 10
1 3 6 10
4 6 8 10
2 6 8 10
2 6 9
1 3 5 7 9
4 5 6 10
2 3 6 8 10
3 6 8 10
3 6 9 10
3 6 10
3 6 10
1 2 4 6 8 10
1 3 6 8 10
1 2 3 5 6 10
4 6 10
6 8 9 10
2 4 8 10
4 6 8 10
2 4 6 10
2 4 8 10
2 4 6 8 10
1 6 10
2 6 8 10
1 4 5 6 10
2 4 6 10
2 3 6 10
4 8 10
2 4 6 8 9 10
2 6 8 10
1 2 6 9 10
2 4 6 8 10
1 5 6 8 10
1 2 4 6 8 10
4 6 8 10
3 6 10
2 4 6 7 10
1 4 8 10
1 3 6 8 10
2 5 9
1 4 6 8 10
3 5 9
1 3 6 10
1 3 5 7 9
4 8 10
2 6 10
4 6 7 9
2 6 7 10
3 5 7 9
2 4 6 7 9
2 6 8 10
2 3 4 6 8 10
3 5 8
1 3 6 8 10
2 4 8 10
1 3 4 6 8 9 10
2 4 8 10
6
1 4 6 10
2 6
1 5
2 6 9
4 6
3 6 10
4 6
4 6
2 5 6 8 10
4 6
1 2 6 8 10
1 3 6
2 3 5
2 4 8 10
3 6
2 4 8 10
2 6
2 6
4 6 10
3 6
2 4 6 8 10
3 6
4 6
2 6 10
2 6
2 5 9
3 5 6
2 6
4 6 10
2 4 6
4 8 10
2 4 6
3 6
4 6 10
1 4 6
2 6 8 10
4 5
2 4 6
3 5 6 10
2 4 6
2 4 6 10
2 4 5 6
4 6
4 6 10
1 2 6
1 3 6 8 10
1 4 6
4 6
3 6 8 10
1 5
2 4 6 8 10
3 6
4 6
4 6 8 10
3 6
2 6 9
2 3 6
2 5
2 4 6 10
1 3 6
2 4 8 10
2 6
1 6
2 3 5 9
2 3 6
1 3 6 10
2 6 8 10 12
2 4 6 8 10
6
1 4 6 10
2 6
2 4 6
6 8 10
2 3 6
2 6 7 10
3 6
2 6
2 4 6 10
2 6
4 6 10
3 4 6
2 4 6
4 6 7 9
2 6
2 4 6 9
4 6
6
1 4 6 9
2 5 6
4 8 10
2 6
4 6
2 5 9
2 4 6
1 4 6 10
4 6
4 6
2 6 10
2 6
2 4 8 10
3 6
4 6
3 6 7 10
4 6
3 6 10
3 6
2 4 6
4 6 10
4 6
3 6 10
2 4 5
2 6
4 6 10
2 5 6
4 6 10
3 6
3 6
2 6 10
4 6
3 6 10
4 6
3 6
2 4 6 8
3 6
3 6 8 10
2 6
4 6
2 4 7 8
1 4 6
4 6 10
1 3 6
1 2 6
3 6 10
1 3 5
2 4 6 9
2 6
2 5
2 6 10
2 4 6
2 4 6 10
3 6
2 6
3 6 10
2 4 6 8 10
2 4 8 10
2 4 6 10
2 4 8 10
2 4 5 6 10
1 4 5 8 10
3 6 7 9
1 4 8 10
3 6 10
1 4 6 10
1 3 5 9
2 5 9
2 6 8 10
1 4 6 10
3 4 6 8 10
2 3 6 10
2 6 8 10
2 3 6 7 10
4 5 9
1 2 3 4 6 10
6 10
2 4 8 10
1 2 3 4 6 8 10
3 6 7 9
5 6 10
3 5 9
2 4 6 9 10
1 4 8 10
1 4 6 7 10
2 6 10
2 4 6 10
2 4 6 10
1 2 3 4 6 7 10
4 8 10
3 6 10
3 6 7 10
1 2 5 6 7 8 10
3 6 10
4 7 8 10
6 10
1 4 8 10
3 6 8 10
1 2 6 10
2 4 5 6 9 10
3 5 6 10
1 4 6 10
3 6 7 10
3 6 10
3 6 10
2 4 6 8 10
4 6 8 10
3 6 8 10
3 6 9 10
1 2 4 6 8 10
2 6 10
4 8 10
2 4 5 8
1 4 6 9 10
3 6 8 10
3 6 10
2 4 8 10
1 3 5 9
2 4 6 8 10
2 4 6 8 10
1 3 6 7 9
2 6 7 10
3 6 10
2 6 10
3 6 9 10
1 3 6 7 10
1 4 6 10
1 4 8 10
2 4 6 9 10
2 3 6 10
2 4 6 10
2 4 8 10
3 6 8 10
1 4 6 10
4 6 9 10
1 3 4 6 10
1 3 6 10
2 4 8 10
2 4 6 8 10
1 4 8 10
2 4 6 8 10
2 4 6 8 10
1 4 8 10
2 4 8 10
3 5 6 7 8 10
2 4 6 10
2 4 8 10
2 6 8 10
1 4 5 8 10
3 6 8 10
4 8 10
2 6 10
1 2 6 9 10
2 4 6 10